0:06:10,37.0,0.039,0.052,0.056,0.049,0.052,0.052,0.048,0.050,0.051,0.050,0.041,0.038,0.056,0.049,0.051,0.050,0.051,0.048,0.049,0.050,0.049,0.050,0.049,0.050,0.048,0.050,0.049,0.052,0.051,0.050,0.048,0.051,0.051,0.049,0.040,0.050,0.050,0.048,0.050,0.050,0.049,0.050,0.048,0.050,0.051,0.053,0.051,0.049,0.050,0.050,0.050,0.051,0.051,0.058,0.049,0.050,0.048,0.050,0.049,0.050,0.050,0.053,0.052,0.051,0.049,0.048,0.048,0.054,0.050,0.051,0.049,0.038,0.053,0.056,0.052,0.051,0.050,0.050,0.048,0.050,0.049,0.047,0.047,0.065,0.039,0.050,0.054,0.050,0.049,0.053,0.049,0.052,0.049,0.049,0.037,0.042
0:13:10,37.1,0.039,0.052,0.056,0.050,0.052,0.052,0.049,0.051,0.052,0.051,0.041,0.038,0.057,0.049,0.051,0.051,0.052,0.049,0.049,0.051,0.050,0.051,0.049,0.051,0.049,0.051,0.050,0.053,0.052,0.051,0.049,0.052,0.051,0.050,0.040,0.050,0.051,0.049,0.051,0.050,0.053,0.051,0.049,0.051,0.051,0.053,0.052,0.050,0.051,0.050,0.051,0.052,0.052,0.059,0.050,0.051,0.049,0.051,0.050,0.050,0.051,0.054,0.053,0.051,0.049,0.049,0.048,0.054,0.051,0.051,0.050,0.038,0.052,0.056,0.053,0.056,0.050,0.051,0.049,0.051,0.049,0.048,0.047,0.064,0.039,0.051,0.054,0.051,0.050,0.054,0.051,0.053,0.050,0.051,0.037,0.039
0:20:10,37.0,0.039,0.053,0.058,0.050,0.053,0.053,0.050,0.051,0.053,0.051,0.041,0.038,0.059,0.050,0.052,0.051,0.053,0.050,0.050,0.052,0.051,0.051,0.050,0.051,0.049,0.052,0.051,0.054,0.053,0.052,0.049,0.052,0.052,0.050,0.040,0.051,0.052,0.050,0.052,0.051,0.050,0.050,0.049,0.053,0.052,0.054,0.053,0.051,0.052,0.051,0.051,0.053,0.052,0.060,0.050,0.051,0.050,0.051,0.051,0.051,0.052,0.055,0.054,0.052,0.051,0.050,0.049,0.055,0.051,0.052,0.050,0.039,0.053,0.053,0.053,0.057,0.051,0.051,0.050,0.052,0.050,0.049,0.048,0.064,0.039,0.052,0.058,0.052,0.050,0.054,0.052,0.054,0.051,0.051,0.037,0.039
0:27:10,37.1,0.039,0.054,0.058,0.051,0.054,0.053,0.050,0.052,0.053,0.052,0.041,0.038,0.059,0.051,0.053,0.052,0.052,0.050,0.050,0.053,0.052,0.052,0.051,0.052,0.050,0.053,0.051,0.055,0.053,0.052,0.050,0.054,0.053,0.051,0.040,0.051,0.053,0.050,0.053,0.052,0.053,0.052,0.050,0.053,0.053,0.055,0.054,0.052,0.052,0.052,0.052,0.054,0.053,0.060,0.051,0.052,0.051,0.052,0.051,0.051,0.053,0.056,0.055,0.054,0.051,0.050,0.050,0.056,0.052,0.053,0.051,0.038,0.054,0.054,0.054,0.058,0.051,0.052,0.050,0.052,0.051,0.049,0.048,0.063,0.039,0.052,0.054,0.054,0.051,0.055,0.052,0.054,0.052,0.051,0.037,0.039
0:34:10,37.1,0.039,0.055,0.059,0.052,0.054,0.054,0.051,0.053,0.054,0.052,0.041,0.038,0.061,0.052,0.054,0.053,0.053,0.051,0.051,0.054,0.053,0.053,0.051,0.053,0.051,0.054,0.052,0.056,0.054,0.053,0.050,0.054,0.054,0.052,0.040,0.052,0.054,0.051,0.054,0.053,0.052,0.052,0.050,0.053,0.054,0.055,0.055,0.053,0.053,0.054,0.053,0.055,0.054,0.061,0.051,0.054,0.052,0.054,0.052,0.052,0.054,0.057,0.056,0.053,0.052,0.051,0.050,0.057,0.053,0.055,0.052,0.038,0.055,0.055,0.055,0.058,0.052,0.053,0.051,0.053,0.052,0.050,0.049,0.063,0.039,0.053,0.058,0.054,0.051,0.056,0.053,0.055,0.053,0.052,0.037,0.039
0:41:10,37.0,0.039,0.056,0.060,0.053,0.055,0.055,0.052,0.054,0.056,0.053,0.041,0.038,0.062,0.053,0.055,0.054,0.054,0.052,0.052,0.055,0.054,0.054,0.052,0.054,0.052,0.056,0.054,0.057,0.054,0.054,0.051,0.056,0.055,0.053,0.040,0.052,0.055,0.052,0.055,0.055,0.059,0.053,0.051,0.054,0.055,0.056,0.057,0.054,0.054,0.053,0.054,0.056,0.055,0.062,0.052,0.055,0.053,0.053,0.053,0.053,0.055,0.058,0.058,0.054,0.053,0.052,0.052,0.058,0.054,0.056,0.053,0.038,0.056,0.056,0.056,0.059,0.053,0.053,0.052,0.054,0.053,0.051,0.050,0.065,0.039,0.054,0.060,0.056,0.052,0.057,0.054,0.057,0.054,0.053,0.037,0.039
0:48:10,37.1,0.039,0.057,0.062,0.054,0.056,0.056,0.053,0.056,0.057,0.054,0.041,0.038,0.064,0.055,0.056,0.055,0.055,0.053,0.053,0.057,0.055,0.054,0.053,0.056,0.053,0.057,0.055,0.058,0.056,0.055,0.052,0.057,0.056,0.054,0.040,0.053,0.057,0.053,0.057,0.056,0.060,0.054,0.052,0.058,0.057,0.057,0.058,0.056,0.055,0.055,0.055,0.058,0.055,0.063,0.053,0.056,0.054,0.059,0.053,0.053,0.057,0.060,0.059,0.055,0.054,0.053,0.052,0.059,0.056,0.057,0.054,0.039,0.058,0.058,0.057,0.060,0.054,0.055,0.052,0.056,0.054,0.051,0.051,0.064,0.039,0.055,0.060,0.057,0.053,0.058,0.055,0.058,0.055,0.054,0.037,0.039
0:55:10,37.0,0.039,0.058,0.063,0.054,0.057,0.057,0.054,0.057,0.058,0.055,0.041,0.038,0.065,0.056,0.057,0.057,0.056,0.053,0.054,0.058,0.057,0.055,0.054,0.057,0.054,0.059,0.057,0.060,0.057,0.057,0.054,0.058,0.057,0.055,0.040,0.054,0.058,0.055,0.058,0.057,0.056,0.055,0.053,0.057,0.058,0.058,0.059,0.056,0.057,0.058,0.056,0.059,0.057,0.064,0.054,0.057,0.055,0.059,0.054,0.054,0.058,0.061,0.060,0.057,0.054,0.054,0.053,0.060,0.057,0.058,0.055,0.038,0.059,0.059,0.059,0.061,0.054,0.055,0.053,0.057,0.055,0.052,0.051,0.066,0.039,0.056,0.064,0.058,0.053,0.059,0.056,0.059,0.056,0.057,0.038,0.039
1:02:10,37.0,0.039,0.059,0.064,0.055,0.058,0.058,0.055,0.058,0.059,0.055,0.041,0.038,0.067,0.058,0.058,0.058,0.056,0.054,0.054,0.059,0.058,0.056,0.054,0.058,0.055,0.060,0.058,0.061,0.058,0.057,0.055,0.059,0.058,0.057,0.040,0.054,0.059,0.056,0.060,0.059,0.055,0.056,0.054,0.058,0.059,0.059,0.061,0.057,0.058,0.058,0.057,0.061,0.057,0.065,0.055,0.059,0.056,0.056,0.055,0.055,0.059,0.062,0.062,0.058,0.054,0.054,0.053,0.062,0.058,0.059,0.057,0.039,0.061,0.060,0.060,0.063,0.055,0.056,0.054,0.058,0.056,0.053,0.052,0.065,0.039,0.057,0.064,0.059,0.054,0.060,0.056,0.060,0.057,0.057,0.037,0.039
1:09:10,37.0,0.039,0.060,0.065,0.057,0.059,0.059,0.056,0.060,0.061,0.056,0.041,0.039,0.068,0.059,0.059,0.059,0.057,0.056,0.056,0.061,0.059,0.057,0.055,0.059,0.056,0.062,0.059,0.062,0.058,0.058,0.056,0.061,0.060,0.058,0.040,0.056,0.061,0.057,0.062,0.061,0.056,0.057,0.055,0.060,0.061,0.060,0.062,0.059,0.059,0.058,0.058,0.063,0.059,0.067,0.056,0.060,0.058,0.057,0.056,0.056,0.061,0.064,0.063,0.059,0.055,0.055,0.054,0.063,0.060,0.061,0.058,0.039,0.062,0.062,0.061,0.064,0.056,0.057,0.055,0.060,0.058,0.054,0.053,0.067,0.039,0.059,0.063,0.061,0.055,0.060,0.057,0.061,0.059,0.060,0.038,0.039
1:16:10,37.1,0.039,0.061,0.066,0.058,0.060,0.060,0.057,0.061,0.062,0.057,0.041,0.038,0.070,0.060,0.061,0.060,0.059,0.057,0.057,0.062,0.061,0.058,0.056,0.061,0.057,0.063,0.061,0.063,0.059,0.061,0.057,0.062,0.061,0.059,0.040,0.056,0.062,0.059,0.063,0.062,0.057,0.059,0.056,0.061,0.062,0.061,0.063,0.060,0.061,0.059,0.059,0.064,0.059,0.068,0.058,0.062,0.059,0.057,0.057,0.057,0.063,0.065,0.064,0.061,0.056,0.056,0.055,0.065,0.061,0.062,0.059,0.038,0.064,0.063,0.062,0.065,0.057,0.059,0.057,0.061,0.059,0.054,0.054,0.066,0.039,0.060,0.069,0.063,0.056,0.061,0.057,0.063,0.060,0.060,0.037,0.039
1:23:10,37.0,0.039,0.062,0.067,0.059,0.061,0.062,0.058,0.062,0.063,0.058,0.041,0.038,0.071,0.062,0.062,0.061,0.060,0.058,0.058,0.063,0.062,0.059,0.057,0.062,0.059,0.065,0.063,0.065,0.060,0.061,0.058,0.064,0.063,0.061,0.040,0.057,0.063,0.060,0.064,0.064,0.059,0.060,0.057,0.063,0.064,0.062,0.065,0.062,0.062,0.061,0.061,0.066,0.061,0.069,0.059,0.063,0.061,0.058,0.058,0.058,0.065,0.066,0.066,0.062,0.057,0.057,0.056,0.066,0.063,0.063,0.061,0.038,0.065,0.067,0.063,0.066,0.058,0.059,0.057,0.062,0.060,0.055,0.055,0.067,0.039,0.061,0.068,0.064,0.057,0.063,0.058,0.064,0.061,0.061,0.038,0.039
1:30:10,37.0,0.039,0.063,0.068,0.060,0.062,0.063,0.059,0.063,0.065,0.058,0.041,0.038,0.072,0.064,0.063,0.063,0.060,0.059,0.059,0.065,0.064,0.060,0.059,0.064,0.060,0.066,0.065,0.066,0.061,0.062,0.059,0.065,0.064,0.062,0.040,0.058,0.064,0.061,0.066,0.066,0.060,0.062,0.058,0.064,0.066,0.063,0.066,0.063,0.063,0.062,0.062,0.067,0.061,0.070,0.060,0.064,0.062,0.059,0.059,0.059,0.067,0.067,0.067,0.065,0.059,0.058,0.058,0.067,0.064,0.064,0.062,0.038,0.067,0.067,0.064,0.067,0.059,0.061,0.059,0.063,0.062,0.056,0.056,0.068,0.039,0.062,0.069,0.066,0.058,0.063,0.059,0.065,0.063,0.063,0.038,0.039
1:37:10,37.1,0.039,0.064,0.069,0.061,0.063,0.064,0.060,0.065,0.066,0.059,0.041,0.038,0.074,0.065,0.064,0.067,0.061,0.059,0.060,0.066,0.066,0.061,0.059,0.065,0.061,0.067,0.067,0.067,0.062,0.063,0.060,0.066,0.066,0.064,0.040,0.059,0.065,0.063,0.068,0.068,0.060,0.063,0.059,0.069,0.067,0.064,0.067,0.065,0.064,0.063,0.063,0.069,0.062,0.071,0.061,0.066,0.064,0.060,0.060,0.060,0.068,0.068,0.068,0.066,0.059,0.059,0.060,0.069,0.066,0.066,0.064,0.039,0.070,0.068,0.065,0.067,0.059,0.062,0.060,0.064,0.063,0.057,0.057,0.068,0.039,0.063,0.070,0.067,0.058,0.064,0.059,0.067,0.064,0.064,0.037,0.039
1:44:10,37.1,0.039,0.066,0.070,0.062,0.064,0.065,0.061,0.066,0.068,0.060,0.041,0.038,0.075,0.067,0.065,0.065,0.063,0.060,0.061,0.068,0.068,0.062,0.060,0.066,0.062,0.069,0.069,0.068,0.063,0.065,0.061,0.068,0.068,0.066,0.040,0.059,0.067,0.064,0.069,0.070,0.062,0.064,0.060,0.070,0.069,0.065,0.069,0.067,0.065,0.064,0.065,0.070,0.063,0.072,0.062,0.067,0.066,0.061,0.062,0.061,0.070,0.070,0.070,0.066,0.061,0.060,0.060,0.070,0.068,0.067,0.065,0.038,0.069,0.070,0.066,0.068,0.061,0.063,0.061,0.066,0.065,0.058,0.058,0.071,0.039,0.064,0.071,0.069,0.060,0.065,0.060,0.068,0.066,0.068,0.037,0.039
1:51:10,37.0,0.039,0.067,0.072,0.063,0.065,0.066,0.062,0.067,0.070,0.061,0.041,0.038,0.076,0.069,0.066,0.066,0.064,0.061,0.062,0.069,0.070,0.063,0.062,0.067,0.064,0.070,0.071,0.070,0.064,0.066,0.064,0.069,0.070,0.068,0.040,0.060,0.068,0.065,0.071,0.072,0.066,0.065,0.062,0.072,0.071,0.066,0.070,0.068,0.066,0.065,0.066,0.072,0.064,0.073,0.063,0.069,0.068,0.062,0.063,0.062,0.072,0.071,0.071,0.067,0.062,0.061,0.061,0.072,0.070,0.068,0.067,0.038,0.071,0.072,0.068,0.069,0.061,0.064,0.062,0.067,0.067,0.059,0.059,0.071,0.039,0.065,0.075,0.071,0.060,0.066,0.062,0.069,0.068,0.070,0.037,0.039
1:58:10,37.0,0.039,0.068,0.073,0.065,0.066,0.067,0.064,0.069,0.072,0.061,0.041,0.039,0.078,0.071,0.068,0.067,0.065,0.062,0.064,0.070,0.072,0.064,0.063,0.069,0.065,0.072,0.073,0.071,0.065,0.067,0.064,0.071,0.072,0.070,0.040,0.061,0.070,0.067,0.072,0.075,0.070,0.067,0.063,0.074,0.074,0.068,0.072,0.071,0.068,0.069,0.067,0.074,0.065,0.074,0.065,0.070,0.070,0.063,0.064,0.065,0.075,0.072,0.073,0.069,0.063,0.062,0.062,0.073,0.072,0.070,0.069,0.038,0.074,0.078,0.069,0.069,0.063,0.065,0.063,0.069,0.069,0.060,0.060,0.072,0.039,0.067,0.073,0.073,0.061,0.067,0.063,0.070,0.070,0.070,0.038,0.039
2:05:10,37.1,0.039,0.070,0.075,0.066,0.067,0.069,0.065,0.070,0.074,0.063,0.041,0.039,0.080,0.074,0.069,0.069,0.066,0.064,0.065,0.072,0.074,0.065,0.064,0.070,0.067,0.074,0.076,0.073,0.067,0.069,0.066,0.073,0.074,0.072,0.040,0.062,0.071,0.069,0.075,0.078,0.066,0.069,0.065,0.076,0.076,0.069,0.074,0.073,0.069,0.068,0.069,0.076,0.067,0.076,0.066,0.072,0.072,0.064,0.065,0.065,0.078,0.074,0.074,0.070,0.065,0.063,0.063,0.075,0.074,0.072,0.071,0.038,0.074,0.078,0.070,0.072,0.064,0.067,0.065,0.070,0.071,0.060,0.061,0.073,0.039,0.068,0.076,0.075,0.062,0.068,0.064,0.072,0.072,0.072,0.038,0.039
2:12:10,37.0,0.039,0.071,0.076,0.067,0.068,0.070,0.066,0.072,0.076,0.063,0.041,0.038,0.082,0.076,0.071,0.070,0.067,0.065,0.066,0.074,0.076,0.066,0.065,0.072,0.068,0.076,0.079,0.075,0.068,0.070,0.068,0.075,0.077,0.074,0.040,0.064,0.073,0.070,0.077,0.081,0.073,0.070,0.066,0.077,0.081,0.070,0.075,0.075,0.071,0.069,0.071,0.078,0.068,0.077,0.068,0.074,0.075,0.065,0.066,0.066,0.080,0.076,0.076,0.072,0.065,0.064,0.065,0.077,0.077,0.073,0.073,0.038,0.076,0.080,0.072,0.074,0.065,0.068,0.066,0.072,0.073,0.061,0.062,0.075,0.039,0.069,0.076,0.078,0.063,0.069,0.065,0.074,0.074,0.076,0.038,0.039
2:19:10,37.1,0.039,0.073,0.078,0.069,0.070,0.072,0.068,0.074,0.079,0.064,0.041,0.039,0.084,0.079,0.072,0.072,0.068,0.066,0.068,0.076,0.079,0.068,0.067,0.074,0.070,0.078,0.082,0.077,0.069,0.071,0.070,0.077,0.079,0.077,0.040,0.064,0.075,0.072,0.079,0.084,0.069,0.071,0.068,0.077,0.082,0.072,0.077,0.077,0.072,0.072,0.072,0.080,0.069,0.079,0.069,0.076,0.077,0.066,0.068,0.067,0.083,0.077,0.078,0.074,0.067,0.066,0.066,0.079,0.079,0.075,0.075,0.038,0.078,0.087,0.073,0.075,0.066,0.070,0.068,0.074,0.075,0.062,0.063,0.077,0.039,0.071,0.078,0.080,0.065,0.070,0.067,0.075,0.076,0.078,0.037,0.039
2:26:10,37.1,0.039,0.074,0.080,0.070,0.071,0.073,0.070,0.076,0.081,0.065,0.041,0.038,0.086,0.081,0.074,0.073,0.070,0.068,0.069,0.079,0.082,0.069,0.068,0.076,0.071,0.080,0.085,0.079,0.070,0.073,0.071,0.079,0.082,0.079,0.040,0.065,0.077,0.074,0.081,0.087,0.076,0.073,0.069,0.079,0.085,0.074,0.080,0.080,0.074,0.073,0.074,0.083,0.071,0.081,0.071,0.079,0.080,0.067,0.069,0.069,0.086,0.079,0.080,0.076,0.066,0.067,0.068,0.081,0.083,0.077,0.079,0.039,0.080,0.086,0.075,0.077,0.067,0.071,0.069,0.076,0.078,0.063,0.065,0.081,0.039,0.072,0.080,0.083,0.066,0.071,0.068,0.077,0.079,0.079,0.038,0.039
2:33:10,37.1,0.039,0.076,0.082,0.072,0.073,0.075,0.071,0.079,0.084,0.067,0.041,0.038,0.088,0.084,0.076,0.076,0.071,0.069,0.071,0.081,0.085,0.071,0.070,0.078,0.073,0.083,0.088,0.081,0.072,0.075,0.074,0.082,0.085,0.082,0.040,0.066,0.079,0.076,0.084,0.091,0.072,0.074,0.071,0.081,0.088,0.075,0.082,0.083,0.076,0.074,0.076,0.085,0.072,0.082,0.073,0.081,0.083,0.068,0.070,0.070,0.089,0.082,0.083,0.078,0.068,0.068,0.069,0.084,0.085,0.079,0.081,0.038,0.082,0.088,0.077,0.078,0.068,0.072,0.072,0.078,0.080,0.065,0.066,0.081,0.039,0.074,0.083,0.086,0.067,0.073,0.070,0.079,0.081,0.081,0.038,0.039
2:40:10,37.0,0.038,0.079,0.084,0.074,0.074,0.077,0.073,0.081,0.087,0.067,0.041,0.038,0.091,0.087,0.078,0.082,0.076,0.071,0.073,0.083,0.088,0.072,0.072,0.081,0.075,0.086,0.092,0.084,0.074,0.080,0.075,0.084,0.088,0.085,0.040,0.068,0.082,0.079,0.087,0.095,0.074,0.076,0.073,0.084,0.091,0.077,0.085,0.085,0.078,0.077,0.079,0.088,0.073,0.084,0.075,0.084,0.086,0.070,0.072,0.072,0.093,0.084,0.085,0.081,0.069,0.070,0.071,0.086,0.088,0.082,0.084,0.038,0.085,0.092,0.079,0.077,0.070,0.074,0.073,0.080,0.083,0.066,0.068,0.085,0.039,0.076,0.087,0.088,0.068,0.074,0.071,0.081,0.084,0.086,0.037,0.041
2:47:10,37.1,0.039,0.081,0.087,0.077,0.076,0.079,0.075,0.084,0.090,0.069,0.041,0.039,0.094,0.090,0.081,0.080,0.074,0.072,0.075,0.086,0.092,0.073,0.073,0.083,0.078,0.088,0.096,0.086,0.075,0.080,0.078,0.088,0.092,0.089,0.040,0.069,0.084,0.081,0.090,0.099,0.082,0.078,0.075,0.086,0.095,0.080,0.088,0.088,0.081,0.081,0.082,0.091,0.075,0.086,0.077,0.087,0.090,0.071,0.073,0.074,0.096,0.087,0.088,0.084,0.071,0.071,0.073,0.089,0.092,0.084,0.087,0.038,0.087,0.096,0.081,0.080,0.071,0.076,0.075,0.083,0.086,0.067,0.070,0.089,0.039,0.078,0.089,0.092,0.069,0.075,0.073,0.084,0.087,0.087,0.038,0.039
2:54:10,37.1,0.039,0.084,0.090,0.080,0.078,0.082,0.078,0.086,0.093,0.070,0.041,0.038,0.097,0.094,0.083,0.083,0.076,0.074,0.078,0.090,0.095,0.075,0.076,0.086,0.081,0.092,0.100,0.089,0.078,0.084,0.081,0.091,0.095,0.092,0.040,0.070,0.087,0.084,0.094,0.104,0.078,0.079,0.078,0.090,0.099,0.082,0.091,0.092,0.083,0.083,0.085,0.095,0.077,0.088,0.080,0.091,0.093,0.072,0.075,0.075,0.101,0.089,0.091,0.087,0.072,0.073,0.075,0.092,0.096,0.088,0.090,0.038,0.090,0.099,0.084,0.082,0.073,0.078,0.077,0.086,0.089,0.068,0.071,0.093,0.039,0.080,0.093,0.096,0.070,0.077,0.075,0.086,0.090,0.092,0.037,0.039
3:01:10,37.0,0.039,0.086,0.092,0.083,0.080,0.084,0.081,0.090,0.097,0.071,0.041,0.038,0.100,0.097,0.086,0.085,0.078,0.076,0.080,0.093,0.100,0.077,0.078,0.089,0.083,0.095,0.105,0.093,0.080,0.088,0.083,0.094,0.099,0.098,0.040,0.071,0.090,0.088,0.098,0.108,0.081,0.082,0.081,0.093,0.103,0.084,0.094,0.095,0.086,0.084,0.088,0.099,0.079,0.090,0.083,0.094,0.097,0.074,0.077,0.078,0.105,0.093,0.095,0.090,0.074,0.075,0.078,0.096,0.099,0.090,0.093,0.038,0.094,0.104,0.086,0.084,0.074,0.080,0.080,0.089,0.092,0.070,0.073,0.095,0.039,0.083,0.096,0.099,0.072,0.079,0.077,0.089,0.093,0.095,0.037,0.040
3:08:10,37.1,0.039,0.089,0.096,0.086,0.082,0.087,0.084,0.093,0.101,0.072,0.041,0.038,0.104,0.101,0.089,0.089,0.080,0.079,0.083,0.097,0.104,0.079,0.080,0.092,0.087,0.100,0.110,0.096,0.082,0.090,0.087,0.098,0.103,0.100,0.040,0.073,0.094,0.091,0.102,0.114,0.083,0.085,0.084,0.098,0.108,0.087,0.098,0.099,0.089,0.087,0.091,0.104,0.080,0.093,0.086,0.098,0.102,0.075,0.079,0.080,0.109,0.096,0.098,0.094,0.076,0.077,0.080,0.100,0.104,0.094,0.097,0.038,0.098,0.106,0.089,0.087,0.076,0.082,0.082,0.093,0.096,0.072,0.075,0.100,0.039,0.086,0.100,0.103,0.074,0.080,0.079,0.092,0.097,0.097,0.037,0.039
3:15:10,37.1,0.039,0.093,0.099,0.089,0.084,0.089,0.086,0.097,0.105,0.073,0.041,0.038,0.107,0.106,0.092,0.093,0.083,0.081,0.086,0.101,0.108,0.081,0.083,0.096,0.090,0.104,0.115,0.100,0.084,0.091,0.090,0.102,0.108,0.104,0.040,0.074,0.097,0.095,0.107,0.119,0.086,0.087,0.087,0.105,0.113,0.089,0.102,0.103,0.092,0.092,0.095,0.108,0.082,0.095,0.088,0.102,0.106,0.077,0.081,0.082,0.114,0.100,0.102,0.098,0.077,0.079,0.083,0.104,0.108,0.098,0.101,0.038,0.101,0.111,0.092,0.090,0.077,0.085,0.085,0.096,0.100,0.073,0.078,0.102,0.039,0.089,0.103,0.107,0.075,0.082,0.082,0.096,0.101,0.101,0.037,0.039
3:22:10,37.0,0.039,0.098,0.103,0.092,0.086,0.092,0.090,0.101,0.109,0.074,0.041,0.038,0.112,0.110,0.096,0.096,0.085,0.083,0.089,0.106,0.113,0.083,0.085,0.100,0.094,0.108,0.120,0.105,0.086,0.096,0.094,0.107,0.114,0.109,0.040,0.076,0.102,0.100,0.112,0.126,0.089,0.090,0.090,0.110,0.118,0.092,0.106,0.107,0.096,0.095,0.099,0.114,0.084,0.098,0.092,0.108,0.112,0.079,0.083,0.085,0.119,0.103,0.106,0.102,0.080,0.082,0.086,0.108,0.113,0.102,0.105,0.038,0.106,0.116,0.096,0.094,0.079,0.087,0.088,0.100,0.104,0.075,0.080,0.105,0.039,0.092,0.106,0.113,0.077,0.084,0.084,0.099,0.105,0.105,0.037,0.041
3:29:10,37.0,0.039,0.100,0.107,0.096,0.088,0.095,0.093,0.105,0.114,0.076,0.041,0.038,0.117,0.116,0.100,0.099,0.087,0.086,0.092,0.111,0.119,0.085,0.088,0.104,0.098,0.113,0.126,0.109,0.089,0.098,0.098,0.112,0.119,0.115,0.040,0.078,0.106,0.104,0.118,0.131,0.092,0.093,0.093,0.115,0.124,0.096,0.111,0.112,0.100,0.098,0.104,0.119,0.086,0.101,0.096,0.112,0.117,0.080,0.085,0.087,0.124,0.107,0.111,0.107,0.081,0.084,0.089,0.113,0.119,0.107,0.110,0.038,0.110,0.124,0.100,0.098,0.081,0.090,0.091,0.104,0.109,0.077,0.083,0.111,0.039,0.096,0.111,0.118,0.079,0.086,0.087,0.103,0.110,0.111,0.037,0.039
3:36:10,37.1,0.039,0.103,0.112,0.100,0.091,0.099,0.096,0.110,0.119,0.077,0.041,0.038,0.122,0.121,0.104,0.104,0.090,0.089,0.096,0.116,0.124,0.087,0.091,0.108,0.102,0.119,0.133,0.113,0.091,0.101,0.102,0.117,0.124,0.120,0.040,0.080,0.110,0.109,0.124,0.139,0.095,0.097,0.098,0.119,0.130,0.099,0.116,0.117,0.103,0.102,0.109,0.125,0.089,0.104,0.100,0.117,0.123,0.082,0.087,0.090,0.130,0.112,0.116,0.112,0.084,0.087,0.092,0.118,0.125,0.112,0.115,0.038,0.115,0.127,0.103,0.104,0.083,0.093,0.095,0.109,0.114,0.079,0.085,0.115,0.039,0.100,0.114,0.124,0.081,0.088,0.090,0.107,0.114,0.114,0.038,0.039
3:43:10,37.1,0.039,0.108,0.116,0.104,0.094,0.102,0.100,0.115,0.124,0.079,0.041,0.038,0.127,0.126,0.108,0.108,0.092,0.092,0.099,0.121,0.130,0.090,0.094,0.113,0.106,0.124,0.140,0.118,0.095,0.106,0.106,0.123,0.131,0.127,0.040,0.081,0.115,0.114,0.130,0.146,0.099,0.100,0.102,0.126,0.137,0.102,0.122,0.123,0.107,0.106,0.114,0.131,0.091,0.107,0.104,0.123,0.130,0.083,0.090,0.093,0.136,0.116,0.120,0.117,0.086,0.089,0.096,0.124,0.131,0.117,0.120,0.038,0.120,0.132,0.108,0.108,0.085,0.096,0.098,0.114,0.119,0.081,0.088,0.118,0.039,0.104,0.118,0.130,0.082,0.090,0.093,0.112,0.119,0.119,0.037,0.039
3:50:10,37.0,0.039,0.113,0.121,0.109,0.096,0.106,0.104,0.120,0.130,0.080,0.041,0.038,0.132,0.132,0.113,0.113,0.095,0.095,0.103,0.127,0.137,0.092,0.098,0.118,0.111,0.130,0.147,0.123,0.097,0.112,0.111,0.129,0.138,0.132,0.040,0.083,0.120,0.119,0.136,0.154,0.102,0.104,0.106,0.129,0.144,0.106,0.127,0.128,0.112,0.113,0.119,0.138,0.093,0.111,0.109,0.129,0.136,0.085,0.092,0.096,0.143,0.121,0.126,0.123,0.088,0.092,0.100,0.130,0.138,0.124,0.126,0.038,0.126,0.141,0.112,0.113,0.087,0.099,0.102,0.119,0.124,0.083,0.091,0.125,0.039,0.108,0.126,0.136,0.084,0.093,0.096,0.117,0.124,0.125,0.037,0.040
3:57:10,37.0,0.038,0.118,0.125,0.114,0.099,0.110,0.109,0.125,0.137,0.082,0.041,0.038,0.138,0.139,0.118,0.118,0.098,0.098,0.108,0.134,0.144,0.095,0.101,0.123,0.116,0.137,0.155,0.129,0.100,0.114,0.117,0.135,0.145,0.139,0.040,0.085,0.126,0.126,0.143,0.162,0.106,0.109,0.111,0.136,0.152,0.111,0.134,0.134,0.117,0.117,0.125,0.145,0.096,0.115,0.114,0.136,0.144,0.087,0.095,0.100,0.150,0.126,0.131,0.129,0.091,0.095,0.104,0.136,0.145,0.129,0.132,0.038,0.131,0.150,0.116,0.117,0.089,0.102,0.106,0.124,0.130,0.085,0.094,0.130,0.039,0.113,0.132,0.143,0.086,0.096,0.099,0.121,0.130,0.130,0.037,0.043
4:04:10,37.1,0.039,0.123,0.131,0.120,0.102,0.114,0.113,0.131,0.143,0.084,0.041,0.038,0.145,0.146,0.123,0.124,0.101,0.102,0.113,0.141,0.153,0.098,0.105,0.129,0.122,0.144,0.164,0.135,0.104,0.117,0.123,0.143,0.153,0.147,0.040,0.087,0.131,0.132,0.150,0.171,0.111,0.113,0.117,0.144,0.162,0.115,0.140,0.141,0.122,0.123,0.132,0.152,0.099,0.119,0.119,0.144,0.153,0.090,0.098,0.103,0.158,0.132,0.138,0.135,0.093,0.099,0.109,0.143,0.153,0.136,0.139,0.039,0.137,0.158,0.122,0.122,0.092,0.106,0.111,0.131,0.137,0.087,0.098,0.135,0.039,0.118,0.138,0.152,0.089,0.098,0.103,0.127,0.137,0.137,0.037,0.039
4:11:10,37.0,0.039,0.128,0.136,0.126,0.105,0.119,0.119,0.137,0.151,0.085,0.041,0.038,0.152,0.154,0.130,0.130,0.105,0.106,0.118,0.148,0.161,0.101,0.109,0.135,0.128,0.151,0.173,0.141,0.107,0.125,0.129,0.151,0.162,0.155,0.040,0.089,0.138,0.139,0.159,0.181,0.115,0.118,0.122,0.151,0.171,0.120,0.147,0.148,0.128,0.129,0.139,0.160,0.102,0.123,0.125,0.152,0.161,0.091,0.101,0.107,0.166,0.139,0.144,0.143,0.097,0.102,0.113,0.151,0.161,0.143,0.146,0.038,0.145,0.165,0.127,0.128,0.094,0.109,0.116,0.137,0.144,0.090,0.102,0.141,0.039,0.124,0.146,0.160,0.091,0.101,0.107,0.132,0.143,0.144,0.037,0.039
4:18:10,37.1,0.039,0.136,0.142,0.132,0.109,0.123,0.125,0.144,0.158,0.087,0.041,0.038,0.160,0.163,0.136,0.136,0.108,0.110,0.123,0.156,0.171,0.104,0.114,0.142,0.135,0.160,0.183,0.149,0.111,0.128,0.136,0.159,0.172,0.164,0.040,0.091,0.145,0.146,0.166,0.191,0.120,0.123,0.128,0.160,0.181,0.125,0.155,0.156,0.134,0.135,0.146,0.169,0.105,0.128,0.132,0.161,0.171,0.094,0.104,0.111,0.175,0.145,0.151,0.150,0.100,0.106,0.119,0.159,0.170,0.150,0.154,0.038,0.152,0.171,0.134,0.133,0.097,0.113,0.121,0.144,0.151,0.092,0.106,0.145,0.039,0.131,0.152,0.168,0.093,0.103,0.112,0.138,0.150,0.152,0.037,0.039
4:25:10,37.0,0.039,0.143,0.151,0.139,0.113,0.128,0.130,0.152,0.167,0.089,0.041,0.038,0.169,0.172,0.143,0.143,0.112,0.114,0.130,0.165,0.181,0.107,0.119,0.149,0.142,0.168,0.195,0.157,0.115,0.133,0.143,0.168,0.182,0.173,0.040,0.094,0.153,0.154,0.175,0.202,0.125,0.129,0.135,0.170,0.192,0.131,0.164,0.164,0.141,0.141,0.154,0.178,0.109,0.133,0.139,0.173,0.182,0.096,0.107,0.115,0.186,0.152,0.159,0.159,0.102,0.110,0.124,0.168,0.180,0.159,0.162,0.038,0.160,0.180,0.140,0.139,0.099,0.117,0.126,0.151,0.160,0.095,0.110,0.151,0.039,0.139,0.159,0.176,0.096,0.107,0.116,0.145,0.159,0.158,0.038,0.040
4:32:10,37.1,0.039,0.146,0.158,0.146,0.116,0.133,0.136,0.160,0.176,0.091,0.041,0.038,0.178,0.182,0.151,0.151,0.116,0.118,0.136,0.175,0.192,0.111,0.123,0.157,0.150,0.178,0.207,0.165,0.119,0.140,0.151,0.179,0.193,0.184,0.040,0.097,0.161,0.163,0.185,0.214,0.131,0.134,0.142,0.181,0.205,0.137,0.173,0.173,0.148,0.149,0.163,0.189,0.112,0.138,0.146,0.181,0.194,0.099,0.111,0.120,0.196,0.160,0.167,0.168,0.105,0.114,0.131,0.178,0.191,0.168,0.172,0.038,0.168,0.191,0.147,0.146,0.102,0.121,0.132,0.160,0.169,0.098,0.115,0.158,0.039,0.147,0.167,0.186,0.099,0.109,0.121,0.152,0.166,0.167,0.037,0.039
4:39:10,36.9,0.039,0.154,0.166,0.156,0.120,0.139,0.143,0.169,0.186,0.093,0.041,0.038,0.187,0.193,0.160,0.159,0.120,0.123,0.143,0.184,0.204,0.115,0.129,0.165,0.158,0.189,0.219,0.173,0.123,0.147,0.159,0.190,0.207,0.195,0.040,0.099,0.170,0.172,0.195,0.226,0.143,0.141,0.151,0.194,0.217,0.143,0.183,0.183,0.157,0.158,0.172,0.199,0.117,0.144,0.154,0.192,0.206,0.101,0.115,0.125,0.208,0.168,0.175,0.176,0.110,0.119,0.137,0.188,0.203,0.178,0.181,0.038,0.178,0.206,0.155,0.153,0.105,0.127,0.139,0.169,0.178,0.101,0.120,0.166,0.039,0.153,0.179,0.196,0.101,0.115,0.126,0.160,0.175,0.176,0.037,0.039
4:46:10,37.1,0.039,0.161,0.174,0.163,0.124,0.145,0.150,0.178,0.197,0.095,0.041,0.038,0.198,0.204,0.169,0.169,0.125,0.129,0.151,0.196,0.216,0.119,0.135,0.174,0.167,0.200,0.233,0.182,0.128,0.152,0.169,0.201,0.218,0.207,0.040,0.102,0.180,0.182,0.206,0.239,0.145,0.148,0.159,0.206,0.231,0.150,0.194,0.193,0.165,0.169,0.182,0.210,0.120,0.149,0.163,0.205,0.219,0.104,0.118,0.130,0.221,0.176,0.185,0.187,0.113,0.123,0.144,0.199,0.215,0.187,0.192,0.038,0.188,0.218,0.164,0.160,0.108,0.131,0.146,0.178,0.189,0.105,0.125,0.174,0.039,0.164,0.190,0.208,0.104,0.118,0.132,0.168,0.185,0.186,0.037,0.039
4:53:10,37.1,0.039,0.170,0.182,0.174,0.129,0.151,0.158,0.188,0.208,0.097,0.041,0.038,0.209,0.217,0.179,0.178,0.130,0.134,0.159,0.208,0.230,0.123,0.141,0.184,0.177,0.212,0.248,0.192,0.133,0.160,0.178,0.214,0.232,0.220,0.040,0.105,0.191,0.193,0.217,0.251,0.157,0.155,0.168,0.220,0.246,0.158,0.205,0.204,0.175,0.179,0.193,0.222,0.124,0.156,0.172,0.218,0.233,0.107,0.123,0.136,0.234,0.186,0.196,0.198,0.117,0.129,0.151,0.211,0.229,0.199,0.203,0.038,0.199,0.227,0.173,0.169,0.112,0.137,0.153,0.188,0.200,0.108,0.130,0.182,0.039,0.170,0.200,0.220,0.107,0.122,0.138,0.177,0.195,0.196,0.037,0.039
5:00:10,37.1,0.039,0.178,0.192,0.184,0.134,0.158,0.167,0.199,0.220,0.100,0.041,0.038,0.223,0.231,0.188,0.190,0.135,0.140,0.168,0.221,0.244,0.128,0.148,0.194,0.188,0.226,0.266,0.203,0.139,0.168,0.189,0.228,0.247,0.235,0.040,0.108,0.203,0.204,0.229,0.265,0.162,0.162,0.178,0.234,0.263,0.166,0.217,0.216,0.185,0.188,0.204,0.234,0.128,0.162,0.183,0.232,0.250,0.110,0.127,0.141,0.248,0.196,0.207,0.210,0.121,0.134,0.160,0.225,0.243,0.210,0.215,0.039,0.211,0.241,0.184,0.178,0.116,0.142,0.161,0.199,0.212,0.112,0.137,0.193,0.039,0.179,0.211,0.232,0.111,0.126,0.144,0.186,0.206,0.206,0.037,0.039
5:07:10,37.0,0.039,0.187,0.203,0.196,0.139,0.166,0.176,0.210,0.233,0.102,0.041,0.038,0.234,0.245,0.200,0.201,0.140,0.146,0.177,0.235,0.261,0.132,0.155,0.205,0.200,0.240,0.283,0.216,0.144,0.176,0.201,0.242,0.264,0.251,0.040,0.111,0.215,0.217,0.242,0.280,0.170,0.171,0.189,0.250,0.280,0.174,0.232,0.229,0.196,0.203,0.217,0.248,0.133,0.169,0.194,0.247,0.266,0.113,0.132,0.148,0.263,0.205,0.219,0.223,0.125,0.139,0.168,0.239,0.259,0.226,0.228,0.038,0.224,0.257,0.195,0.188,0.119,0.148,0.169,0.211,0.224,0.116,0.143,0.203,0.039,0.190,0.223,0.246,0.114,0.130,0.151,0.197,0.219,0.218,0.037,0.039
5:14:10,37.1,0.039,0.196,0.216,0.206,0.144,0.174,0.186,0.223,0.247,0.104,0.041,0.038,0.247,0.261,0.212,0.214,0.146,0.153,0.188,0.251,0.278,0.137,0.163,0.217,0.212,0.255,0.301,0.228,0.149,0.185,0.213,0.258,0.281,0.267,0.040,0.115,0.229,0.230,0.255,0.294,0.173,0.179,0.201,0.265,0.299,0.183,0.246,0.242,0.208,0.216,0.231,0.263,0.137,0.177,0.205,0.264,0.283,0.116,0.137,0.154,0.279,0.222,0.233,0.236,0.130,0.146,0.178,0.253,0.276,0.238,0.242,0.038,0.239,0.280,0.209,0.198,0.123,0.154,0.179,0.224,0.238,0.119,0.150,0.214,0.039,0.201,0.237,0.261,0.118,0.135,0.158,0.208,0.231,0.231,0.037,0.039
5:21:10,37.1,0.039,0.206,0.230,0.220,0.149,0.183,0.196,0.236,0.263,0.107,0.041,0.038,0.263,0.277,0.226,0.228,0.152,0.160,0.198,0.267,0.295,0.142,0.171,0.230,0.225,0.272,0.322,0.241,0.156,0.194,0.226,0.276,0.300,0.284,0.040,0.118,0.243,0.245,0.268,0.309,0.187,0.189,0.213,0.282,0.320,0.193,0.261,0.257,0.222,0.230,0.245,0.279,0.143,0.186,0.218,0.281,0.302,0.121,0.142,0.162,0.296,0.233,0.248,0.251,0.135,0.152,0.188,0.269,0.294,0.253,0.257,0.038,0.255,0.296,0.223,0.210,0.127,0.160,0.188,0.237,0.254,0.124,0.157,0.224,0.039,0.213,0.249,0.277,0.121,0.140,0.166,0.219,0.245,0.245,0.037,0.039
5:28:10,37.1,0.039,0.216,0.241,0.232,0.155,0.191,0.208,0.251,0.278,0.110,0.041,0.038,0.278,0.295,0.239,0.242,0.159,0.171,0.210,0.284,0.315,0.148,0.179,0.244,0.239,0.289,0.343,0.256,0.162,0.204,0.240,0.294,0.320,0.303,0.040,0.122,0.260,0.261,0.282,0.325,0.194,0.199,0.227,0.304,0.341,0.203,0.277,0.273,0.237,0.244,0.260,0.296,0.148,0.194,0.232,0.300,0.324,0.125,0.147,0.170,0.315,0.242,0.264,0.270,0.140,0.158,0.199,0.287,0.313,0.269,0.273,0.038,0.271,0.313,0.236,0.223,0.132,0.167,0.199,0.252,0.269,0.128,0.165,0.235,0.039,0.226,0.262,0.295,0.125,0.145,0.174,0.232,0.260,0.259,0.037,0.043
5:35:10,37.1,0.039,0.229,0.256,0.245,0.161,0.200,0.221,0.266,0.296,0.113,0.041,0.038,0.295,0.314,0.255,0.258,0.166,0.177,0.224,0.303,0.336,0.154,0.189,0.259,0.255,0.308,0.366,0.273,0.171,0.215,0.256,0.314,0.341,0.324,0.040,0.126,0.283,0.277,0.296,0.343,0.203,0.210,0.242,0.324,0.365,0.215,0.295,0.290,0.252,0.258,0.275,0.315,0.153,0.203,0.246,0.320,0.345,0.128,0.153,0.178,0.339,0.258,0.280,0.288,0.145,0.165,0.210,0.305,0.334,0.288,0.290,0.038,0.286,0.334,0.250,0.235,0.136,0.175,0.210,0.267,0.286,0.133,0.173,0.249,0.039,0.239,0.278,0.314,0.129,0.150,0.183,0.246,0.276,0.275,0.037,0.039
5:42:10,37.0,0.038,0.243,0.274,0.262,0.168,0.210,0.233,0.282,0.314,0.116,0.041,0.038,0.313,0.334,0.271,0.275,0.173,0.185,0.237,0.323,0.358,0.160,0.199,0.275,0.272,0.328,0.389,0.292,0.177,0.227,0.272,0.334,0.364,0.345,0.040,0.130,0.297,0.295,0.310,0.365,0.214,0.223,0.257,0.347,0.389,0.229,0.314,0.308,0.268,0.275,0.291,0.340,0.160,0.212,0.262,0.342,0.374,0.132,0.159,0.187,0.359,0.272,0.301,0.306,0.150,0.174,0.223,0.325,0.355,0.307,0.308,0.038,0.303,0.354,0.267,0.250,0.140,0.182,0.221,0.284,0.304,0.138,0.182,0.263,0.039,0.253,0.295,0.333,0.134,0.157,0.193,0.260,0.292,0.292,0.037,0.039
5:49:10,37.0,0.038,0.257,0.291,0.282,0.174,0.221,0.247,0.300,0.334,0.119,0.041,0.038,0.333,0.355,0.288,0.294,0.181,0.194,0.251,0.344,0.381,0.167,0.210,0.292,0.290,0.349,0.415,0.306,0.184,0.239,0.290,0.357,0.387,0.367,0.040,0.134,0.315,0.316,0.326,0.392,0.218,0.234,0.275,0.368,0.415,0.242,0.334,0.327,0.285,0.292,0.310,0.360,0.166,0.223,0.280,0.365,0.394,0.136,0.166,0.196,0.380,0.286,0.322,0.326,0.156,0.181,0.237,0.346,0.378,0.324,0.328,0.038,0.322,0.374,0.283,0.264,0.145,0.191,0.234,0.302,0.324,0.144,0.191,0.278,0.039,0.269,0.312,0.354,0.138,0.162,0.203,0.276,0.310,0.309,0.037,0.039
5:56:10,37.0,0.039,0.274,0.307,0.297,0.182,0.232,0.262,0.318,0.354,0.123,0.041,0.038,0.355,0.377,0.307,0.311,0.189,0.204,0.267,0.366,0.406,0.174,0.221,0.310,0.308,0.372,0.441,0.331,0.193,0.253,0.309,0.381,0.414,0.392,0.040,0.139,0.335,0.337,0.342,0.412,0.237,0.247,0.293,0.395,0.444,0.256,0.355,0.347,0.304,0.312,0.330,0.382,0.173,0.234,0.298,0.389,0.421,0.141,0.173,0.206,0.403,0.304,0.342,0.348,0.163,0.190,0.250,0.368,0.403,0.346,0.349,0.038,0.342,0.398,0.301,0.281,0.151,0.199,0.248,0.321,0.344,0.150,0.202,0.294,0.039,0.287,0.331,0.378,0.143,0.169,0.214,0.293,0.329,0.329,0.037,0.039
6:03:10,37.0,0.039,0.288,0.325,0.316,0.190,0.244,0.278,0.338,0.377,0.126,0.041,0.038,0.375,0.401,0.327,0.331,0.198,0.215,0.283,0.391,0.432,0.181,0.233,0.330,0.327,0.397,0.470,0.350,0.201,0.267,0.329,0.406,0.441,0.417,0.040,0.144,0.360,0.359,0.361,0.435,0.247,0.262,0.312,0.422,0.473,0.271,0.378,0.369,0.323,0.332,0.358,0.405,0.180,0.246,0.317,0.416,0.448,0.148,0.180,0.217,0.429,0.323,0.364,0.371,0.170,0.199,0.266,0.393,0.429,0.371,0.371,0.038,0.363,0.422,0.320,0.299,0.156,0.209,0.263,0.342,0.366,0.156,0.213,0.311,0.039,0.305,0.352,0.400,0.148,0.176,0.239,0.311,0.350,0.349,0.037,0.040
6:10:10,37.1,0.039,0.306,0.345,0.336,0.199,0.268,0.294,0.359,0.400,0.129,0.041,0.038,0.398,0.427,0.348,0.353,0.208,0.227,0.301,0.416,0.460,0.190,0.246,0.350,0.347,0.421,0.501,0.370,0.211,0.281,0.350,0.433,0.469,0.444,0.040,0.150,0.380,0.383,0.381,0.459,0.256,0.277,0.334,0.449,0.505,0.287,0.403,0.392,0.344,0.354,0.378,0.431,0.188,0.258,0.338,0.445,0.477,0.150,0.188,0.228,0.455,0.341,0.388,0.397,0.177,0.209,0.282,0.418,0.457,0.396,0.395,0.038,0.386,0.449,0.341,0.319,0.162,0.219,0.278,0.363,0.389,0.162,0.225,0.331,0.039,0.324,0.373,0.425,0.153,0.183,0.238,0.330,0.371,0.370,0.037,0.044
6:17:10,37.1,0.038,0.322,0.366,0.356,0.208,0.269,0.312,0.381,0.425,0.132,0.041,0.038,0.422,0.453,0.371,0.376,0.217,0.239,0.321,0.443,0.489,0.197,0.261,0.372,0.370,0.449,0.532,0.391,0.222,0.298,0.373,0.461,0.499,0.473,0.040,0.155,0.405,0.408,0.403,0.484,0.277,0.294,0.356,0.479,0.537,0.304,0.428,0.416,0.365,0.377,0.399,0.459,0.196,0.272,0.360,0.473,0.509,0.155,0.196,0.240,0.483,0.361,0.412,0.423,0.184,0.219,0.300,0.445,0.486,0.422,0.420,0.038,0.410,0.476,0.361,0.335,0.168,0.229,0.294,0.386,0.414,0.169,0.238,0.349,0.039,0.345,0.392,0.451,0.159,0.190,0.251,0.349,0.394,0.392,0.037,0.041
6:24:10,37.1,0.039,0.341,0.389,0.379,0.218,0.283,0.332,0.405,0.451,0.136,0.041,0.038,0.447,0.482,0.394,0.401,0.229,0.252,0.341,0.472,0.520,0.206,0.275,0.395,0.394,0.477,0.565,0.412,0.233,0.315,0.398,0.492,0.532,0.503,0.040,0.161,0.430,0.436,0.435,0.511,0.288,0.311,0.380,0.511,0.572,0.323,0.456,0.442,0.389,0.402,0.423,0.490,0.205,0.286,0.383,0.504,0.541,0.161,0.205,0.253,0.514,0.380,0.440,0.453,0.192,0.231,0.319,0.473,0.517,0.446,0.446,0.038,0.436,0.506,0.385,0.358,0.174,0.240,0.312,0.410,0.440,0.176,0.250,0.368,0.039,0.368,0.416,0.478,0.165,0.197,0.265,0.371,0.418,0.416,0.037,0.043
6:31:10,37.0,0.039,0.358,0.414,0.402,0.228,0.299,0.352,0.430,0.479,0.140,0.041,0.038,0.474,0.511,0.418,0.428,0.239,0.266,0.363,0.503,0.552,0.216,0.291,0.420,0.419,0.507,0.601,0.432,0.245,0.333,0.424,0.526,0.565,0.536,0.040,0.167,0.462,0.466,0.460,0.539,0.305,0.332,0.406,0.544,0.609,0.342,0.484,0.469,0.414,0.428,0.450,0.523,0.213,0.301,0.408,0.537,0.575,0.167,0.214,0.267,0.547,0.403,0.469,0.482,0.201,0.242,0.338,0.503,0.548,0.474,0.473,0.038,0.463,0.536,0.410,0.379,0.181,0.252,0.331,0.436,0.467,0.184,0.264,0.391,0.039,0.390,0.442,0.507,0.171,0.207,0.280,0.394,0.444,0.442,0.037,0.039
6:38:10,37.0,0.039,0.379,0.438,0.428,0.238,0.316,0.374,0.457,0.508,0.144,0.041,0.038,0.503,0.542,0.446,0.456,0.251,0.280,0.386,0.535,0.586,0.226,0.308,0.447,0.446,0.539,0.637,0.453,0.257,0.353,0.451,0.558,0.600,0.568,0.040,0.174,0.487,0.496,0.484,0.567,0.320,0.350,0.433,0.578,0.647,0.363,0.514,0.498,0.440,0.456,0.488,0.558,0.225,0.317,0.434,0.571,0.612,0.173,0.224,0.282,0.580,0.423,0.501,0.514,0.210,0.255,0.360,0.535,0.583,0.504,0.503,0.038,0.492,0.568,0.436,0.405,0.188,0.265,0.351,0.464,0.496,0.193,0.279,0.413,0.039,0.415,0.469,0.536,0.178,0.216,0.297,0.418,0.470,0.468,0.037,0.044
6:45:10,37.1,0.039,0.400,0.465,0.454,0.247,0.333,0.396,0.485,0.538,0.149,0.041,0.038,0.532,0.574,0.473,0.483,0.265,0.300,0.410,0.568,0.621,0.237,0.326,0.474,0.474,0.572,0.677,0.475,0.269,0.373,0.480,0.593,0.637,0.603,0.040,0.181,0.516,0.529,0.510,0.598,0.337,0.371,0.461,0.613,0.687,0.385,0.547,0.527,0.468,0.484,0.517,0.595,0.234,0.335,0.462,0.607,0.648,0.180,0.234,0.297,0.615,0.448,0.533,0.549,0.219,0.268,0.382,0.569,0.617,0.535,0.534,0.038,0.522,0.602,0.463,0.431,0.196,0.279,0.372,0.492,0.526,0.202,0.295,0.438,0.039,0.439,0.497,0.565,0.184,0.226,0.314,0.443,0.498,0.496,0.037,0.039
6:52:10,37.0,0.039,0.424,0.491,0.482,0.258,0.351,0.420,0.514,0.570,0.153,0.041,0.038,0.564,0.608,0.504,0.514,0.278,0.314,0.436,0.602,0.657,0.248,0.345,0.502,0.504,0.607,0.715,0.499,0.282,0.396,0.510,0.628,0.675,0.640,0.040,0.188,0.549,0.563,0.537,0.631,0.356,0.393,0.491,0.651,0.727,0.408,0.579,0.558,0.497,0.516,0.551,0.634,0.244,0.353,0.491,0.643,0.687,0.187,0.245,0.313,0.651,0.472,0.567,0.583,0.229,0.282,0.406,0.603,0.653,0.568,0.565,0.038,0.553,0.638,0.491,0.459,0.204,0.292,0.394,0.523,0.558,0.211,0.312,0.463,0.039,0.467,0.527,0.597,0.192,0.236,0.332,0.470,0.527,0.525,0.037,0.039
6:59:10,37.1,0.039,0.446,0.520,0.511,0.271,0.370,0.446,0.544,0.602,0.159,0.041,0.038,0.597,0.642,0.534,0.546,0.292,0.332,0.462,0.638,0.695,0.260,0.366,0.533,0.537,0.643,0.754,0.523,0.298,0.419,0.542,0.666,0.714,0.677,0.040,0.196,0.583,0.599,0.565,0.666,0.376,0.419,0.523,0.692,0.766,0.434,0.615,0.591,0.528,0.548,0.589,0.675,0.256,0.372,0.523,0.681,0.727,0.195,0.257,0.331,0.689,0.495,0.604,0.620,0.240,0.298,0.432,0.639,0.691,0.603,0.599,0.038,0.586,0.677,0.523,0.487,0.212,0.308,0.418,0.554,0.590,0.222,0.330,0.490,0.039,0.496,0.560,0.631,0.199,0.243,0.351,0.498,0.558,0.555,0.037,0.039
7:06:10,37.0,0.039,0.467,0.551,0.542,0.283,0.391,0.472,0.577,0.638,0.164,0.041,0.038,0.631,0.678,0.567,0.579,0.308,0.351,0.491,0.676,0.733,0.272,0.387,0.564,0.569,0.680,0.792,0.544,0.314,0.444,0.576,0.705,0.753,0.717,0.040,0.206,0.616,0.635,0.594,0.704,0.399,0.445,0.556,0.731,0.805,0.460,0.650,0.624,0.561,0.582,0.627,0.716,0.268,0.392,0.555,0.720,0.767,0.202,0.269,0.350,0.727,0.518,0.640,0.658,0.251,0.314,0.458,0.676,0.728,0.639,0.633,0.038,0.620,0.715,0.554,0.517,0.221,0.324,0.444,0.586,0.624,0.234,0.349,0.523,0.039,0.524,0.594,0.666,0.207,0.254,0.371,0.527,0.590,0.586,0.037,0.039
7:13:10,37.1,0.039,0.489,0.582,0.574,0.296,0.413,0.501,0.610,0.673,0.170,0.041,0.038,0.666,0.715,0.602,0.612,0.325,0.373,0.523,0.716,0.771,0.286,0.410,0.598,0.603,0.718,0.828,0.570,0.330,0.470,0.611,0.744,0.793,0.758,0.040,0.214,0.652,0.673,0.623,0.744,0.421,0.471,0.592,0.771,0.843,0.488,0.688,0.658,0.594,0.617,0.669,0.758,0.281,0.414,0.589,0.760,0.807,0.210,0.282,0.370,0.767,0.540,0.678,0.698,0.264,0.331,0.486,0.714,0.767,0.675,0.669,0.038,0.655,0.753,0.588,0.550,0.230,0.341,0.470,0.621,0.660,0.245,0.369,0.553,0.039,0.556,0.629,0.701,0.216,0.267,0.393,0.559,0.623,0.620,0.037,0.039
7:20:10,37.1,0.039,0.511,0.616,0.608,0.311,0.436,0.531,0.645,0.709,0.175,0.041,0.038,0.701,0.752,0.638,0.647,0.342,0.395,0.554,0.754,0.810,0.300,0.435,0.632,0.638,0.758,0.862,0.597,0.346,0.497,0.647,0.786,0.832,0.796,0.040,0.222,0.688,0.713,0.654,0.786,0.446,0.500,0.628,0.811,0.879,0.518,0.726,0.695,0.630,0.653,0.709,0.801,0.294,0.437,0.625,0.798,0.847,0.219,0.296,0.391,0.805,0.564,0.717,0.739,0.276,0.349,0.516,0.752,0.805,0.714,0.706,0.038,0.692,0.791,0.622,0.582,0.240,0.359,0.498,0.656,0.696,0.257,0.390,0.583,0.039,0.588,0.664,0.737,0.225,0.285,0.416,0.591,0.657,0.654,0.037,0.042
7:27:10,37.1,0.039,0.535,0.650,0.643,0.326,0.459,0.561,0.680,0.746,0.181,0.041,0.038,0.739,0.789,0.675,0.684,0.361,0.418,0.588,0.793,0.848,0.315,0.460,0.667,0.675,0.794,0.897,0.624,0.364,0.526,0.686,0.825,0.870,0.834,0.040,0.232,0.726,0.753,0.686,0.827,0.472,0.530,0.666,0.850,0.915,0.548,0.765,0.731,0.666,0.691,0.748,0.843,0.308,0.462,0.661,0.837,0.884,0.228,0.310,0.413,0.841,0.590,0.758,0.780,0.290,0.368,0.548,0.791,0.844,0.752,0.743,0.038,0.729,0.830,0.658,0.618,0.250,0.378,0.527,0.693,0.733,0.270,0.413,0.609,0.039,0.622,0.700,0.774,0.235,0.294,0.440,0.624,0.693,0.688,0.037,0.039
7:34:10,37.0,0.038,0.556,0.685,0.678,0.341,0.484,0.594,0.717,0.784,0.187,0.041,0.038,0.776,0.825,0.713,0.722,0.380,0.442,0.622,0.831,0.886,0.331,0.486,0.704,0.712,0.832,0.932,0.651,0.383,0.556,0.723,0.861,0.907,0.872,0.040,0.242,0.764,0.793,0.718,0.866,0.500,0.560,0.705,0.888,0.949,0.580,0.804,0.769,0.706,0.729,0.790,0.882,0.323,0.487,0.700,0.875,0.922,0.237,0.327,0.437,0.875,0.613,0.798,0.822,0.304,0.389,0.580,0.830,0.881,0.792,0.780,0.038,0.767,0.862,0.696,0.653,0.261,0.398,0.558,0.729,0.771,0.285,0.437,0.648,0.039,0.656,0.734,0.810,0.245,0.313,0.465,0.659,0.730,0.724,0.037,0.040
7:41:10,37.0,0.038,0.580,0.721,0.714,0.358,0.511,0.628,0.754,0.821,0.194,0.041,0.038,0.812,0.858,0.750,0.760,0.401,0.468,0.657,0.865,0.922,0.347,0.514,0.742,0.751,0.866,0.965,0.680,0.402,0.588,0.762,0.898,0.944,0.910,0.040,0.253,0.802,0.832,0.751,0.904,0.533,0.593,0.743,0.925,0.985,0.614,0.844,0.807,0.745,0.769,0.829,0.921,0.339,0.513,0.739,0.911,0.958,0.248,0.343,0.462,0.908,0.642,0.837,0.862,0.320,0.410,0.614,0.868,0.917,0.831,0.819,0.038,0.806,0.897,0.733,0.690,0.273,0.420,0.590,0.767,0.808,0.301,0.461,0.682,0.039,0.690,0.772,0.844,0.256,0.329,0.492,0.694,0.766,0.760,0.037,0.039
7:48:10,37.1,0.039,0.606,0.757,0.752,0.376,0.539,0.662,0.791,0.858,0.200,0.041,0.039,0.848,0.891,0.787,0.797,0.423,0.495,0.695,0.901,0.958,0.365,0.544,0.781,0.790,0.901,0.998,0.710,0.421,0.621,0.801,0.934,0.981,0.947,0.040,0.268,0.840,0.869,0.786,0.942,0.559,0.627,0.781,0.963,1.021,0.650,0.882,0.845,0.784,0.807,0.869,0.959,0.355,0.542,0.779,0.948,0.992,0.258,0.361,0.487,0.942,0.668,0.875,0.899,0.336,0.433,0.650,0.905,0.953,0.868,0.856,0.039,0.842,0.930,0.772,0.729,0.285,0.442,0.623,0.804,0.846,0.314,0.488,0.718,0.039,0.726,0.807,0.878,0.268,0.346,0.520,0.731,0.802,0.797,0.037,0.044
7:55:10,37.0,0.038,0.631,0.793,0.788,0.393,0.568,0.697,0.827,0.893,0.208,0.041,0.038,0.882,0.924,0.823,0.832,0.445,0.526,0.734,0.936,0.994,0.384,0.573,0.819,0.826,0.935,1.033,0.741,0.438,0.656,0.838,0.970,1.017,0.982,0.040,0.277,0.876,0.906,0.822,0.975,0.592,0.665,0.818,1.000,1.059,0.686,0.919,0.883,0.824,0.843,0.907,0.992,0.372,0.571,0.818,0.981,1.027,0.270,0.379,0.515,0.975,0.696,0.909,0.934,0.353,0.457,0.687,0.940,0.987,0.905,0.892,0.038,0.875,0.965,0.810,0.766,0.298,0.465,0.657,0.841,0.882,0.331,0.514,0.754,0.039,0.761,0.843,0.912,0.280,0.363,0.548,0.768,0.838,0.833,0.037,0.039
8:02:10,37.1,0.038,0.658,0.827,0.823,0.412,0.598,0.734,0.862,0.927,0.216,0.041,0.038,0.915,0.952,0.858,0.867,0.471,0.553,0.768,0.970,1.029,0.403,0.606,0.856,0.861,0.967,1.068,0.772,0.457,0.691,0.874,1.003,1.052,1.017,0.040,0.290,0.911,0.941,0.857,1.009,0.625,0.699,0.854,1.036,1.096,0.723,0.955,0.919,0.862,0.878,0.944,1.028,0.388,0.602,0.856,1.018,1.065,0.282,0.398,0.543,1.008,0.725,0.944,0.969,0.371,0.483,0.725,0.975,1.022,0.940,0.928,0.038,0.908,0.999,0.849,0.802,0.312,0.490,0.693,0.877,0.917,0.348,0.543,0.786,0.039,0.797,0.875,0.945,0.292,0.380,0.580,0.804,0.871,0.868,0.037,0.039
8:09:10,37.0,0.038,0.685,0.861,0.858,0.432,0.629,0.770,0.896,0.961,0.224,0.041,0.038,0.949,0.982,0.893,0.901,0.496,0.588,0.803,1.005,1.065,0.424,0.639,0.893,0.895,0.999,1.102,0.802,0.473,0.727,0.909,1.039,1.088,1.052,0.040,0.304,0.946,0.972,0.891,1.044,0.659,0.736,0.888,1.072,1.131,0.762,0.993,0.954,0.896,0.912,0.978,1.064,0.404,0.633,0.892,1.055,1.101,0.295,0.419,0.573,1.042,0.753,0.980,1.005,0.391,0.509,0.763,1.010,1.058,0.974,0.963,0.038,0.941,1.032,0.882,0.835,0.325,0.516,0.729,0.911,0.951,0.363,0.573,0.830,0.039,0.831,0.910,0.978,0.306,0.399,0.611,0.839,0.905,0.901,0.037,0.044
8:16:10,37.1,0.038,0.713,0.894,0.892,0.448,0.661,0.807,0.930,0.995,0.232,0.041,0.038,0.982,1.014,0.928,0.936,0.523,0.615,0.837,1.039,1.101,0.446,0.674,0.928,0.929,1.031,1.136,0.835,0.493,0.763,0.945,1.074,1.124,1.087,0.040,0.318,0.978,1.006,0.925,1.079,0.699,0.772,0.922,1.110,1.168,0.801,1.028,0.989,0.933,0.944,1.012,1.099,0.421,0.667,0.927,1.092,1.137,0.308,0.440,0.604,1.075,0.783,1.016,1.040,0.411,0.538,0.801,1.046,1.094,1.007,0.997,0.038,0.974,1.066,0.916,0.868,0.341,0.544,0.766,0.945,0.985,0.384,0.605,0.866,0.039,0.864,0.943,1.011,0.320,0.420,0.643,0.873,0.938,0.934,0.037,0.039
8:23:10,37.1,0.038,0.741,0.927,0.925,0.466,0.694,0.842,0.964,1.028,0.242,0.041,0.038,1.015,1.045,0.962,0.970,0.551,0.647,0.874,1.073,1.136,0.469,0.709,0.963,0.962,1.065,1.171,0.865,0.513,0.798,0.979,1.110,1.159,1.122,0.040,0.333,1.010,1.041,0.959,1.113,0.734,0.808,0.955,1.147,1.202,0.841,1.062,1.023,0.965,0.979,1.046,1.134,0.438,0.700,0.960,1.130,1.175,0.323,0.463,0.635,1.107,0.812,1.050,1.074,0.432,0.567,0.839,1.081,1.129,1.043,1.030,0.038,1.006,1.097,0.951,0.901,0.356,0.572,0.802,0.979,1.020,0.402,0.637,0.900,0.039,0.898,0.976,1.044,0.335,0.441,0.676,0.906,0.971,0.967,0.037,0.039
8:30:10,37.0,0.039,0.770,0.959,0.957,0.483,0.727,0.876,0.997,1.062,0.251,0.041,0.038,1.048,1.077,0.994,1.006,0.581,0.681,0.903,1.107,1.172,0.492,0.745,0.996,0.992,1.098,1.204,0.895,0.532,0.834,1.014,1.145,1.195,1.158,0.040,0.349,1.045,1.075,0.994,1.146,0.771,0.843,0.991,1.185,1.236,0.876,1.097,1.056,0.999,1.015,1.083,1.168,0.455,0.736,0.993,1.168,1.212,0.338,0.487,0.669,1.139,0.841,1.085,1.108,0.455,0.597,0.874,1.119,1.166,1.078,1.064,0.038,1.039,1.129,0.987,0.934,0.372,0.602,0.839,1.014,1.055,0.425,0.670,0.927,0.039,0.931,1.006,1.077,0.350,0.464,0.710,0.939,1.004,0.999,0.037,0.039
8:37:10,37.0,0.039,0.798,0.991,0.990,0.502,0.761,0.908,1.030,1.095,0.261,0.041,0.038,1.081,1.108,1.026,1.041,0.611,0.714,0.938,1.142,1.206,0.518,0.783,1.030,1.022,1.130,1.236,0.926,0.552,0.867,1.049,1.181,1.230,1.193,0.040,0.366,1.080,1.108,1.028,1.179,0.808,0.880,1.027,1.219,1.269,0.911,1.131,1.089,1.033,1.050,1.121,1.202,0.474,0.772,1.029,1.203,1.245,0.354,0.511,0.703,1.171,0.870,1.120,1.140,0.478,0.629,0.908,1.155,1.201,1.115,1.098,0.038,1.071,1.158,1.022,0.967,0.387,0.632,0.873,1.048,1.089,0.446,0.704,0.967,0.039,0.963,1.040,1.110,0.367,0.487,0.744,0.971,1.036,1.031,0.037,0.039
8:44:10,37.0,0.038,0.825,1.024,1.022,0.523,0.795,0.940,1.063,1.129,0.271,0.041,0.038,1.113,1.140,1.060,1.072,0.642,0.749,0.975,1.175,1.240,0.544,0.822,1.063,1.054,1.163,1.266,0.956,0.575,0.901,1.084,1.216,1.265,1.229,0.040,0.384,1.114,1.141,1.062,1.212,0.840,0.912,1.063,1.253,1.301,0.946,1.166,1.121,1.066,1.084,1.157,1.234,0.495,0.808,1.065,1.238,1.278,0.370,0.536,0.738,1.203,0.898,1.156,1.173,0.503,0.660,0.940,1.191,1.236,1.149,1.133,0.038,1.103,1.189,1.056,1.000,0.403,0.664,0.905,1.083,1.124,0.467,0.740,1.000,0.039,0.996,1.073,1.143,0.385,0.512,0.777,1.005,1.068,1.064,0.037,0.040
8:51:10,37.0,0.039,0.846,1.056,1.055,0.541,0.827,0.972,1.098,1.163,0.282,0.041,0.038,1.145,1.169,1.093,1.106,0.675,0.779,1.005,1.209,1.273,0.571,0.859,1.097,1.086,1.196,1.293,0.985,0.597,0.933,1.119,1.250,1.297,1.262,0.040,0.402,1.149,1.172,1.093,1.245,0.874,0.946,1.100,1.286,1.330,0.979,1.201,1.154,1.101,1.117,1.192,1.264,0.515,0.842,1.101,1.272,1.310,0.388,0.564,0.774,1.234,0.927,1.188,1.204,0.529,0.694,0.973,1.226,1.270,1.183,1.168,0.038,1.136,1.220,1.088,1.036,0.420,0.696,0.938,1.118,1.159,0.491,0.775,1.033,0.039,1.028,1.104,1.175,0.404,0.539,0.807,1.037,1.100,1.097,0.037,0.039
8:58:10,37.0,0.039,0.873,1.089,1.088,0.561,0.858,1.004,1.132,1.195,0.293,0.041,0.038,1.177,1.199,1.125,1.139,0.708,0.811,1.038,1.241,1.306,0.600,0.896,1.130,1.117,1.228,1.320,1.013,0.621,0.968,1.154,1.283,1.327,1.296,0.040,0.422,1.182,1.203,1.124,1.275,0.908,0.980,1.135,1.318,1.358,1.011,1.236,1.187,1.135,1.150,1.226,1.294,0.537,0.876,1.136,1.304,1.341,0.405,0.591,0.811,1.263,0.957,1.220,1.236,0.556,0.728,1.007,1.260,1.303,1.218,1.202,0.038,1.166,1.248,1.121,1.070,0.435,0.730,0.970,1.153,1.194,0.515,0.811,1.064,0.039,1.060,1.136,1.207,0.422,0.565,0.838,1.070,1.130,1.129,0.037,0.039
9:05:10,37.1,0.039,0.900,1.121,1.120,0.582,0.889,1.036,1.164,1.227,0.306,0.041,0.038,1.208,1.228,1.157,1.171,0.742,0.841,1.070,1.270,1.336,0.630,0.930,1.162,1.147,1.258,1.344,1.040,0.643,1.000,1.188,1.314,1.356,1.327,0.040,0.442,1.213,1.233,1.154,1.302,0.939,1.013,1.169,1.348,1.385,1.044,1.270,1.219,1.167,1.182,1.257,1.321,0.560,0.907,1.171,1.335,1.370,0.423,0.621,0.847,1.290,0.985,1.250,1.266,0.585,0.762,1.042,1.294,1.333,1.251,1.236,0.038,1.194,1.276,1.153,1.104,0.451,0.763,1.003,1.187,1.227,0.537,0.846,1.097,0.039,1.093,1.168,1.238,0.442,0.590,0.867,1.102,1.157,1.162,0.037,0.039
9:12:10,37.0,0.039,0.928,1.153,1.152,0.604,0.919,1.068,1.196,1.258,0.318,0.041,0.038,1.238,1.259,1.190,1.203,0.775,0.873,1.100,1.298,1.364,0.660,0.963,1.191,1.177,1.287,1.353,1.065,0.666,1.034,1.222,1.343,1.384,1.355,0.040,0.464,1.244,1.262,1.182,1.328,0.972,1.048,1.203,1.377,1.411,1.078,1.303,1.248,1.198,1.213,1.288,1.347,0.583,0.937,1.205,1.364,1.399,0.445,0.651,0.882,1.316,1.009,1.279,1.295,0.613,0.797,1.077,1.325,1.362,1.283,1.268,0.038,1.223,1.302,1.184,1.138,0.467,0.797,1.037,1.221,1.261,0.564,0.878,1.130,0.039,1.126,1.200,1.268,0.461,0.619,0.895,1.131,1.186,1.194,0.037,0.040
9:19:10,37.1,0.039,0.956,1.184,1.185,0.627,0.948,1.101,1.228,1.288,0.332,0.041,0.038,1.267,1.284,1.221,1.231,0.808,0.903,1.131,1.325,1.391,0.692,0.996,1.219,1.207,1.311,1.382,1.088,0.691,1.066,1.256,1.370,1.411,1.383,0.040,0.486,1.274,1.290,1.210,1.351,1.006,1.083,1.236,1.406,1.441,1.112,1.335,1.275,1.230,1.242,1.318,1.369,0.604,0.968,1.238,1.393,1.427,0.462,0.682,0.916,1.338,1.036,1.307,1.322,0.644,0.831,1.111,1.355,1.389,1.315,1.300,0.038,1.249,1.323,1.215,1.171,0.485,0.831,1.070,1.254,1.292,0.593,0.909,1.156,0.039,1.157,1.228,1.294,0.483,0.649,0.925,1.160,1.213,1.226,0.037,0.039
9:26:10,37.0,0.038,0.986,1.215,1.214,0.650,0.979,1.133,1.258,1.314,0.345,0.041,0.038,1.293,1.306,1.250,1.259,0.841,0.934,1.159,1.351,1.419,0.723,1.028,1.246,1.235,1.326,1.406,1.114,0.716,1.099,1.287,1.398,1.436,1.411,0.040,0.509,1.302,1.315,1.236,1.370,1.038,1.117,1.266,1.436,1.436,1.146,1.363,1.302,1.260,1.270,1.347,1.389,0.629,1.000,1.271,1.423,1.453,0.480,0.714,0.947,1.354,1.064,1.332,1.346,0.675,0.863,1.145,1.383,1.415,1.345,1.327,0.038,1.276,1.346,1.245,1.198,0.503,0.863,1.103,1.286,1.320,0.623,0.940,1.188,0.039,1.189,1.258,1.320,0.506,0.680,0.952,1.187,1.236,1.255,0.037,0.044
9:33:10,37.0,0.038,1.025,1.242,1.243,0.676,1.010,1.163,1.284,1.339,0.360,0.041,0.038,1.319,1.327,1.277,1.281,0.871,0.963,1.188,1.375,1.431,0.756,1.060,1.272,1.265,1.345,1.420,1.131,0.742,1.132,1.315,1.418,1.443,1.438,0.040,0.533,1.330,1.339,1.262,1.383,1.072,1.151,1.297,1.461,1.449,1.180,1.389,1.327,1.290,1.296,1.375,1.425,0.652,1.033,1.301,1.446,1.466,0.497,0.746,0.976,1.384,1.085,1.352,1.366,0.707,0.893,1.179,1.410,1.436,1.372,1.353,0.038,1.297,1.367,1.273,1.231,0.521,0.894,1.137,1.314,1.347,0.653,0.971,1.221,0.039,1.220,1.285,1.344,0.529,0.710,0.981,1.212,1.258,1.282,0.037,0.039
9:40:10,37.0,0.039,1.032,1.268,1.268,0.698,1.041,1.195,1.309,1.365,0.376,0.041,0.038,1.343,1.349,1.304,1.299,0.902,0.991,1.212,1.397,1.444,0.790,1.093,1.293,1.289,1.375,1.433,1.149,0.768,1.165,1.343,1.425,1.460,1.446,0.040,0.559,1.356,1.358,1.306,1.417,1.107,1.185,1.327,1.461,1.461,1.214,1.414,1.348,1.317,1.321,1.401,1.445,0.676,1.066,1.330,1.451,1.473,0.516,0.780,1.006,1.400,1.106,1.375,1.399,0.740,0.922,1.212,1.435,1.443,1.398,1.379,0.038,1.319,1.382,1.300,1.259,0.541,0.923,1.170,1.341,1.373,0.688,1.003,1.247,0.039,1.249,1.310,1.366,0.556,0.741,1.009,1.234,1.280,1.307,0.037,0.040
9:47:10,36.9,0.039,1.041,1.294,1.293,0.722,1.072,1.224,1.335,1.378,0.391,0.041,0.038,1.360,1.360,1.329,1.323,0.934,1.020,1.240,1.401,1.460,0.824,1.124,1.312,1.311,1.391,1.441,1.169,0.795,1.197,1.369,1.441,1.474,1.459,0.040,0.586,1.381,1.382,1.336,1.437,1.136,1.217,1.353,1.476,1.470,1.247,1.424,1.364,1.338,1.345,1.425,1.460,0.699,1.099,1.359,1.463,1.486,0.538,0.814,1.037,1.413,1.121,1.395,1.413,0.774,0.954,1.244,1.444,1.459,1.422,1.403,0.038,1.339,1.387,1.323,1.285,0.560,0.954,1.203,1.365,1.395,0.716,1.035,1.269,0.039,1.274,1.333,1.379,0.582,0.769,1.037,1.258,1.302,1.330,0.037,0.039
9:54:10,37.1,0.039,1.054,1.320,1.319,0.747,1.103,1.252,1.352,1.395,0.407,0.041,0.038,1.375,1.365,1.353,1.361,0.965,1.049,1.266,1.415,1.474,0.856,1.155,1.334,1.330,1.406,1.449,1.187,0.821,1.228,1.396,1.455,1.485,1.474,0.040,0.612,1.398,1.403,1.350,1.454,1.169,1.250,1.379,1.489,1.478,1.279,1.440,1.381,1.363,1.364,1.448,1.478,0.724,1.132,1.385,1.476,1.496,0.554,0.848,1.068,1.426,1.142,1.401,1.424,0.806,0.986,1.275,1.458,1.473,1.432,1.412,0.038,1.358,1.398,1.346,1.309,0.581,0.985,1.233,1.388,1.405,0.748,1.067,1.291,0.039,1.299,1.355,1.395,0.608,0.798,1.065,1.280,1.322,1.350,0.037,0.039
10:01:10,37.0,0.039,1.077,1.331,1.345,0.771,1.133,1.276,1.366,1.411,0.424,0.041,0.038,1.391,1.375,1.374,1.380,0.997,1.078,1.291,1.427,1.486,0.887,1.184,1.353,1.357,1.415,1.453,1.202,0.849,1.258,1.422,1.465,1.493,1.485,0.040,0.641,1.409,1.413,1.366,1.469,1.202,1.281,1.405,1.499,1.479,1.309,1.456,1.399,1.387,1.378,1.466,1.490,0.750,1.164,1.411,1.487,1.497,0.579,0.881,1.099,1.438,1.157,1.408,1.435,0.839,1.018,1.304,1.473,1.484,1.446,1.431,0.038,1.368,1.409,1.369,1.335,0.602,1.016,1.264,1.399,1.423,0.781,1.098,1.311,0.039,1.324,1.368,1.411,0.636,0.825,1.092,1.302,1.339,1.364,0.037,0.039
10:08:10,37.0,0.039,1.092,1.348,1.369,0.795,1.162,1.300,1.384,1.426,0.441,0.041,0.038,1.405,1.382,1.380,1.398,1.028,1.108,1.318,1.436,1.492,0.917,1.213,1.370,1.374,1.423,1.446,1.211,0.873,1.286,1.446,1.472,1.491,1.488,0.040,0.670,1.423,1.424,1.382,1.473,1.235,1.311,1.428,1.502,1.477,1.337,1.469,1.413,1.398,1.383,1.467,1.495,0.775,1.195,1.437,1.486,1.498,0.602,0.914,1.131,1.439,1.173,1.414,1.445,0.872,1.051,1.331,1.484,1.486,1.460,1.445,0.038,1.374,1.414,1.388,1.359,0.623,1.048,1.290,1.415,1.438,0.809,1.129,1.330,0.039,1.347,1.384,1.424,0.663,0.852,1.119,1.321,1.355,1.383,0.038,0.039
10:15:10,37.1,0.039,1.106,1.365,1.378,0.819,1.190,1.326,1.400,1.438,0.458,0.041,0.038,1.417,1.384,1.393,1.409,1.060,1.135,1.358,1.444,1.490,0.947,1.241,1.385,1.385,1.416,1.431,1.221,0.899,1.312,1.461,1.470,1.494,1.489,0.040,0.700,1.436,1.425,1.396,1.470,1.265,1.338,1.452,1.500,1.476,1.363,1.481,1.425,1.411,1.393,1.475,1.495,0.800,1.226,1.461,1.485,1.500,0.625,0.944,1.160,1.431,1.188,1.419,1.440,0.901,1.084,1.357,1.493,1.487,1.472,1.458,0.038,1.381,1.412,1.392,1.368,0.645,1.079,1.316,1.430,1.451,0.838,1.160,1.350,0.039,1.371,1.399,1.434,0.690,0.878,1.145,1.338,1.367,1.398,0.037,0.039
10:22:10,37.0,0.039,1.120,1.380,1.392,0.850,1.215,1.348,1.413,1.448,0.474,0.041,0.038,1.427,1.384,1.405,1.418,1.091,1.162,1.378,1.443,1.493,0.977,1.269,1.397,1.389,1.417,1.432,1.228,0.924,1.338,1.464,1.472,1.496,1.492,0.040,0.730,1.446,1.424,1.408,1.477,1.294,1.365,1.471,1.502,1.479,1.388,1.486,1.434,1.425,1.400,1.472,1.501,0.824,1.256,1.482,1.487,1.502,0.647,0.973,1.187,1.431,1.198,1.418,1.446,0.930,1.115,1.382,1.492,1.490,1.481,1.469,0.038,1.388,1.412,1.404,1.383,0.667,1.109,1.341,1.443,1.462,0.865,1.190,1.367,0.039,1.381,1.411,1.443,0.717,0.905,1.172,1.353,1.378,1.412,0.037,0.040
10:29:10,37.1,0.039,1.129,1.392,1.406,0.872,1.239,1.358,1.424,1.454,0.491,0.041,0.038,1.434,1.385,1.414,1.420,1.121,1.201,1.393,1.443,1.495,1.007,1.295,1.408,1.389,1.415,1.431,1.232,0.950,1.361,1.475,1.473,1.498,1.494,0.040,0.759,1.454,1.414,1.406,1.477,1.322,1.390,1.459,1.503,1.479,1.413,1.486,1.437,1.435,1.406,1.471,1.498,0.848,1.286,1.502,1.488,1.503,0.669,1.001,1.214,1.432,1.204,1.416,1.442,0.959,1.147,1.407,1.493,1.491,1.479,1.472,0.038,1.393,1.413,1.413,1.397,0.689,1.140,1.365,1.453,1.465,0.893,1.218,1.382,0.039,1.394,1.421,1.445,0.743,0.930,1.196,1.365,1.387,1.423,0.037,0.039
10:36:10,37.1,0.038,1.141,1.403,1.415,0.893,1.262,1.376,1.433,1.454,0.507,0.041,0.038,1.435,1.387,1.422,1.425,1.152,1.239,1.408,1.446,1.498,1.037,1.321,1.416,1.393,1.422,1.435,1.237,0.975,1.384,1.481,1.475,1.500,1.497,0.040,0.789,1.455,1.415,1.418,1.487,1.348,1.420,1.469,1.506,1.482,1.437,1.488,1.438,1.444,1.405,1.472,1.506,0.872,1.311,1.502,1.490,1.507,0.692,1.031,1.239,1.434,1.214,1.420,1.456,0.989,1.177,1.429,1.496,1.494,1.482,1.474,0.038,1.392,1.414,1.421,1.410,0.712,1.169,1.388,1.456,1.466,0.923,1.244,1.395,0.039,1.406,1.430,1.446,0.769,0.958,1.220,1.376,1.393,1.433,0.037,0.039
10:43:10,37.1,0.039,1.149,1.411,1.423,0.907,1.277,1.391,1.435,1.456,0.524,0.041,0.038,1.435,1.388,1.423,1.421,1.181,1.259,1.422,1.447,1.500,1.067,1.346,1.416,1.389,1.417,1.434,1.239,1.000,1.406,1.479,1.476,1.502,1.500,0.040,0.816,1.453,1.413,1.405,1.483,1.372,1.450,1.472,1.506,1.483,1.458,1.490,1.440,1.450,1.404,1.472,1.491,0.896,1.337,1.492,1.492,1.509,0.717,1.061,1.264,1.434,1.216,1.420,1.449,1.021,1.207,1.449,1.496,1.496,1.483,1.476,0.038,1.391,1.414,1.420,1.419,0.734,1.198,1.408,1.456,1.469,0.953,1.268,1.405,0.039,1.415,1.430,1.449,0.795,0.985,1.242,1.384,1.395,1.436,0.037,0.039
10:50:10,37.1,0.038,1.157,1.415,1.425,0.928,1.290,1.405,1.435,1.459,0.542,0.041,0.038,1.436,1.389,1.421,1.420,1.210,1.283,1.431,1.448,1.502,1.097,1.369,1.417,1.387,1.416,1.434,1.238,1.021,1.420,1.481,1.478,1.505,1.503,0.040,0.840,1.454,1.412,1.400,1.475,1.397,1.455,1.470,1.508,1.484,1.478,1.492,1.442,1.448,1.405,1.471,1.492,0.921,1.361,1.492,1.495,1.511,0.741,1.091,1.287,1.435,1.218,1.419,1.437,1.051,1.236,1.455,1.497,1.499,1.484,1.477,0.038,1.391,1.415,1.419,1.425,0.756,1.227,1.418,1.458,1.470,0.982,1.293,1.412,0.039,1.423,1.431,1.450,0.823,1.010,1.262,1.389,1.395,1.437,0.037,0.039
10:57:10,37.1,0.039,1.161,1.413,1.424,0.950,1.308,1.416,1.437,1.460,0.560,0.041,0.038,1.438,1.391,1.423,1.421,1.237,1.304,1.439,1.451,1.506,1.126,1.381,1.419,1.387,1.418,1.437,1.234,1.043,1.422,1.483,1.481,1.508,1.505,0.040,0.863,1.457,1.415,1.404,1.486,1.424,1.449,1.470,1.513,1.487,1.486,1.495,1.444,1.449,1.407,1.471,1.492,0.946,1.382,1.495,1.498,1.514,0.763,1.121,1.308,1.438,1.222,1.422,1.454,1.082,1.263,1.463,1.501,1.503,1.486,1.481,0.038,1.392,1.417,1.421,1.424,0.779,1.253,1.429,1.461,1.474,1.010,1.317,1.415,0.039,1.421,1.434,1.453,0.849,1.036,1.282,1.390,1.397,1.439,0.037,0.043
11:04:10,37.0,0.039,1.163,1.415,1.425,0.970,1.326,1.426,1.439,1.464,0.579,0.041,0.038,1.439,1.393,1.425,1.423,1.262,1.324,1.435,1.452,1.508,1.155,1.395,1.420,1.388,1.420,1.439,1.231,1.063,1.434,1.482,1.483,1.510,1.507,0.040,0.886,1.458,1.415,1.408,1.491,1.453,1.462,1.471,1.515,1.489,1.489,1.498,1.447,1.451,1.407,1.471,1.495,0.970,1.404,1.496,1.500,1.516,0.784,1.151,1.325,1.439,1.218,1.424,1.462,1.113,1.290,1.468,1.505,1.506,1.490,1.484,0.038,1.394,1.420,1.423,1.426,0.802,1.277,1.441,1.463,1.477,1.038,1.339,1.417,0.039,1.423,1.436,1.456,0.876,1.062,1.299,1.391,1.399,1.441,0.037,0.039
11:11:10,37.0,0.039,1.163,1.418,1.427,0.989,1.342,1.430,1.441,1.466,0.598,0.041,0.038,1.441,1.395,1.425,1.424,1.286,1.344,1.424,1.454,1.510,1.184,1.409,1.422,1.387,1.419,1.438,1.227,1.079,1.444,1.483,1.485,1.511,1.508,0.040,0.910,1.459,1.415,1.404,1.486,1.475,1.471,1.471,1.516,1.488,1.487,1.501,1.449,1.451,1.408,1.470,1.492,0.993,1.426,1.496,1.501,1.516,0.809,1.181,1.343,1.440,1.214,1.425,1.454,1.143,1.314,1.466,1.508,1.507,1.493,1.486,0.038,1.395,1.421,1.424,1.427,0.824,1.299,1.450,1.464,1.479,1.064,1.356,1.418,0.039,1.425,1.438,1.457,0.903,1.087,1.314,1.393,1.401,1.444,0.037,0.039
11:18:10,37.0,0.038,1.164,1.418,1.428,1.009,1.356,1.429,1.443,1.469,0.618,0.041,0.038,1.444,1.395,1.428,1.425,1.308,1.361,1.423,1.455,1.511,1.211,1.421,1.423,1.388,1.420,1.440,1.223,1.092,1.444,1.485,1.486,1.512,1.510,0.040,0.935,1.460,1.415,1.405,1.489,1.459,1.479,1.473,1.517,1.489,1.488,1.504,1.451,1.452,1.410,1.470,1.494,1.015,1.448,1.496,1.502,1.518,0.831,1.208,1.359,1.442,1.210,1.426,1.458,1.171,1.336,1.469,1.509,1.509,1.495,1.490,0.038,1.396,1.422,1.425,1.429,0.847,1.320,1.448,1.468,1.483,1.091,1.368,1.420,0.039,1.425,1.440,1.460,0.930,1.112,1.326,1.393,1.401,1.446,0.037,0.039
11:25:10,37.1,0.038,1.162,1.420,1.430,1.024,1.369,1.432,1.445,1.472,0.637,0.041,0.038,1.445,1.397,1.429,1.426,1.330,1.377,1.421,1.456,1.512,1.238,1.433,1.425,1.389,1.422,1.440,1.219,1.108,1.447,1.487,1.488,1.513,1.512,0.040,0.961,1.461,1.415,1.405,1.493,1.466,1.478,1.474,1.518,1.490,1.490,1.506,1.454,1.454,1.411,1.470,1.498,1.037,1.465,1.499,1.503,1.520,0.854,1.236,1.374,1.443,1.207,1.427,1.460,1.201,1.356,1.470,1.512,1.511,1.498,1.494,0.038,1.399,1.424,1.428,1.431,0.868,1.341,1.450,1.472,1.487,1.116,1.382,1.421,0.039,1.427,1.443,1.462,0.955,1.135,1.337,1.395,1.403,1.448,0.037,0.042
11:32:10,37.1,0.039,1.160,1.422,1.430,1.040,1.380,1.433,1.448,1.475,0.659,0.041,0.038,1.448,1.399,1.430,1.427,1.350,1.390,1.419,1.456,1.514,1.265,1.442,1.427,1.391,1.422,1.440,1.218,1.123,1.451,1.490,1.488,1.514,1.515,0.040,0.991,1.464,1.413,1.403,1.485,1.474,1.478,1.474,1.518,1.489,1.492,1.507,1.457,1.455,1.412,1.472,1.495,1.058,1.452,1.502,1.505,1.522,0.877,1.263,1.386,1.444,1.205,1.429,1.453,1.229,1.377,1.471,1.512,1.512,1.498,1.496,0.039,1.399,1.425,1.429,1.434,0.889,1.359,1.452,1.474,1.489,1.137,1.395,1.423,0.039,1.428,1.445,1.466,0.980,1.157,1.347,1.396,1.405,1.451,0.037,0.044
11:39:10,37.1,0.038,1.156,1.424,1.431,1.057,1.390,1.435,1.450,1.478,0.681,0.041,0.038,1.450,1.399,1.432,1.428,1.362,1.402,1.422,1.456,1.515,1.288,1.440,1.430,1.391,1.423,1.442,1.213,1.137,1.453,1.493,1.489,1.516,1.518,0.040,1.014,1.466,1.414,1.405,1.494,1.473,1.481,1.475,1.520,1.492,1.493,1.510,1.460,1.458,1.413,1.475,1.497,1.078,1.448,1.506,1.508,1.525,0.900,1.287,1.397,1.445,1.200,1.430,1.462,1.257,1.397,1.472,1.516,1.514,1.501,1.498,0.038,1.401,1.427,1.432,1.437,0.910,1.370,1.453,1.478,1.491,1.161,1.407,1.425,0.039,1.429,1.448,1.467,1.006,1.179,1.354,1.397,1.407,1.454,0.037,0.039
11:46:10,37.0,0.038,1.153,1.425,1.432,1.069,1.394,1.437,1.453,1.479,0.705,0.041,0.038,1.452,1.400,1.432,1.429,1.370,1.405,1.422,1.457,1.516,1.310,1.441,1.432,1.390,1.423,1.442,1.211,1.152,1.457,1.496,1.490,1.518,1.520,0.040,1.039,1.467,1.413,1.404,1.490,1.474,1.484,1.477,1.520,1.492,1.496,1.512,1.462,1.460,1.414,1.476,1.494,1.096,1.448,1.509,1.509,1.527,0.923,1.310,1.405,1.445,1.198,1.430,1.460,1.282,1.404,1.474,1.516,1.516,1.502,1.499,0.038,1.402,1.427,1.433,1.440,0.931,1.380,1.455,1.480,1.492,1.180,1.416,1.427,0.039,1.430,1.451,1.470,1.031,1.199,1.357,1.399,1.408,1.457,0.037,0.044
11:53:10,37.1,0.038,1.151,1.428,1.433,1.084,1.395,1.439,1.456,1.480,0.729,0.041,0.038,1.455,1.401,1.433,1.429,1.382,1.394,1.420,1.456,1.517,1.332,1.443,1.435,1.389,1.422,1.442,1.207,1.161,1.460,1.499,1.490,1.519,1.522,0.040,1.065,1.468,1.412,1.403,1.481,1.478,1.488,1.480,1.520,1.490,1.499,1.513,1.463,1.461,1.413,1.477,1.494,1.114,1.453,1.511,1.509,1.528,0.945,1.331,1.405,1.446,1.195,1.428,1.453,1.305,1.409,1.477,1.516,1.517,1.502,1.500,0.038,1.403,1.427,1.433,1.440,0.950,1.390,1.456,1.480,1.493,1.198,1.417,1.428,0.039,1.431,1.454,1.471,1.053,1.218,1.357,1.400,1.409,1.459,0.037,0.039
12:00:10,37.0,0.039,1.148,1.431,1.435,1.096,1.399,1.440,1.457,1.482,0.750,0.041,0.038,1.456,1.401,1.434,1.430,1.395,1.395,1.422,1.458,1.520,1.354,1.443,1.437,1.390,1.423,1.449,1.204,1.173,1.464,1.501,1.493,1.522,1.525,0.040,1.088,1.469,1.413,1.404,1.487,1.481,1.492,1.481,1.521,1.493,1.504,1.517,1.464,1.462,1.414,1.480,1.492,1.129,1.454,1.517,1.513,1.532,0.967,1.353,1.407,1.446,1.192,1.429,1.457,1.328,1.418,1.480,1.519,1.520,1.506,1.502,0.038,1.405,1.427,1.434,1.443,0.968,1.401,1.458,1.481,1.495,1.221,1.418,1.431,0.039,1.433,1.455,1.471,1.077,1.236,1.359,1.402,1.411,1.461,0.037,0.039
12:07:10,37.1,0.038,1.146,1.434,1.437,1.109,1.401,1.442,1.458,1.482,0.771,0.041,0.038,1.456,1.403,1.433,1.431,1.406,1.396,1.423,1.458,1.522,1.373,1.445,1.438,1.390,1.423,1.456,1.201,1.182,1.466,1.504,1.494,1.525,1.527,0.040,1.113,1.469,1.413,1.404,1.484,1.483,1.495,1.483,1.523,1.495,1.507,1.519,1.465,1.463,1.414,1.481,1.491,1.143,1.459,1.522,1.517,1.534,0.990,1.373,1.410,1.446,1.189,1.429,1.451,1.350,1.421,1.484,1.521,1.523,1.507,1.503,0.038,1.404,1.428,1.435,1.444,0.985,1.405,1.461,1.482,1.497,1.241,1.420,1.434,0.039,1.434,1.456,1.472,1.102,1.253,1.360,1.403,1.413,1.462,0.037,0.044
12:14:10,37.0,0.038,1.142,1.435,1.439,1.118,1.403,1.444,1.459,1.484,0.787,0.041,0.038,1.457,1.403,1.433,1.431,1.415,1.393,1.423,1.458,1.523,1.391,1.448,1.438,1.389,1.423,1.453,1.197,1.186,1.469,1.508,1.495,1.527,1.530,0.040,1.136,1.469,1.413,1.402,1.476,1.487,1.498,1.485,1.523,1.494,1.509,1.521,1.466,1.463,1.413,1.485,1.487,1.154,1.462,1.536,1.517,1.537,1.011,1.391,1.409,1.447,1.187,1.428,1.447,1.371,1.423,1.486,1.522,1.525,1.508,1.504,0.038,1.404,1.428,1.435,1.444,1.002,1.406,1.464,1.483,1.498,1.261,1.422,1.436,0.039,1.436,1.456,1.474,1.121,1.268,1.361,1.405,1.414,1.463,0.037,0.040
12:21:10,37.0,0.039,1.140,1.437,1.441,1.128,1.406,1.446,1.460,1.485,0.809,0.041,0.038,1.457,1.404,1.434,1.431,1.415,1.396,1.426,1.459,1.526,1.400,1.449,1.440,1.389,1.424,1.460,1.194,1.191,1.472,1.509,1.498,1.530,1.535,0.040,1.157,1.470,1.415,1.403,1.474,1.491,1.500,1.487,1.527,1.499,1.512,1.523,1.467,1.464,1.414,1.484,1.487,1.167,1.464,1.548,1.522,1.541,1.031,1.398,1.411,1.448,1.183,1.429,1.444,1.390,1.426,1.490,1.525,1.529,1.511,1.507,0.038,1.405,1.428,1.436,1.445,1.017,1.410,1.467,1.484,1.500,1.279,1.424,1.438,0.039,1.439,1.457,1.473,1.145,1.282,1.363,1.408,1.415,1.464,0.037,0.044
12:28:10,37.0,0.039,1.136,1.438,1.443,1.137,1.409,1.448,1.461,1.487,0.826,0.041,0.038,1.458,1.405,1.433,1.431,1.417,1.397,1.425,1.460,1.529,1.403,1.450,1.441,1.390,1.423,1.452,1.190,1.194,1.474,1.511,1.499,1.532,1.537,0.040,1.178,1.470,1.413,1.401,1.468,1.494,1.502,1.489,1.527,1.496,1.514,1.525,1.469,1.464,1.414,1.483,1.484,1.175,1.466,1.540,1.522,1.543,1.051,1.405,1.412,1.448,1.180,1.428,1.445,1.408,1.429,1.492,1.527,1.532,1.513,1.509,0.038,1.404,1.428,1.435,1.445,1.033,1.411,1.469,1.486,1.502,1.296,1.424,1.439,0.039,1.440,1.458,1.474,1.162,1.294,1.364,1.409,1.416,1.464,0.037,0.039
12:35:10,37.1,0.039,1.135,1.439,1.445,1.143,1.413,1.451,1.462,1.489,0.844,0.041,0.038,1.458,1.406,1.434,1.432,1.423,1.399,1.428,1.462,1.532,1.413,1.453,1.442,1.390,1.424,1.456,1.187,1.194,1.477,1.512,1.502,1.535,1.543,0.040,1.199,1.471,1.416,1.401,1.467,1.496,1.502,1.489,1.530,1.497,1.517,1.528,1.470,1.465,1.415,1.485,1.484,1.183,1.467,1.543,1.526,1.547,1.070,1.414,1.414,1.448,1.176,1.429,1.444,1.425,1.432,1.495,1.531,1.535,1.516,1.512,0.038,1.404,1.428,1.435,1.446,1.046,1.415,1.472,1.488,1.505,1.311,1.426,1.439,0.039,1.441,1.458,1.475,1.181,1.305,1.365,1.410,1.417,1.465,0.037,0.043
12:42:10,37.1,0.038,1.131,1.440,1.448,1.149,1.416,1.453,1.463,1.490,0.862,0.041,0.038,1.459,1.407,1.435,1.434,1.424,1.403,1.432,1.465,1.534,1.416,1.456,1.443,1.389,1.428,1.462,1.183,1.190,1.479,1.516,1.505,1.539,1.548,0.040,1.218,1.474,1.430,1.401,1.465,1.497,1.506,1.490,1.535,1.509,1.520,1.532,1.473,1.467,1.417,1.490,1.484,1.191,1.472,1.545,1.530,1.554,1.090,1.420,1.416,1.449,1.172,1.435,1.444,1.426,1.437,1.498,1.533,1.540,1.520,1.515,0.038,1.404,1.430,1.436,1.448,1.060,1.419,1.476,1.490,1.508,1.325,1.429,1.440,0.039,1.442,1.459,1.477,1.201,1.315,1.367,1.412,1.418,1.467,0.037,0.044
12:49:10,37.1,0.038,1.128,1.441,1.450,1.152,1.419,1.455,1.465,1.494,0.884,0.041,0.038,1.460,1.408,1.435,1.435,1.428,1.403,1.435,1.466,1.538,1.418,1.458,1.444,1.390,1.429,1.462,1.180,1.188,1.481,1.516,1.507,1.543,1.555,0.040,1.236,1.475,1.426,1.401,1.464,1.499,1.507,1.491,1.536,1.512,1.522,1.534,1.475,1.468,1.417,1.488,1.485,1.198,1.474,1.545,1.535,1.560,1.107,1.420,1.419,1.449,1.168,1.437,1.445,1.424,1.440,1.499,1.536,1.546,1.522,1.518,0.038,1.404,1.430,1.437,1.451,1.073,1.423,1.478,1.493,1.511,1.338,1.432,1.440,0.039,1.444,1.460,1.479,1.219,1.324,1.368,1.411,1.418,1.467,0.037,0.039
12:56:10,37.0,0.039,1.123,1.442,1.452,1.155,1.421,1.457,1.466,1.497,0.904,0.041,0.038,1.461,1.409,1.435,1.434,1.432,1.402,1.433,1.466,1.542,1.423,1.460,1.446,1.390,1.427,1.458,1.175,1.185,1.484,1.518,1.508,1.548,1.561,0.040,1.253,1.476,1.418,1.399,1.464,1.503,1.509,1.492,1.537,1.501,1.524,1.537,1.478,1.468,1.417,1.488,1.486,1.199,1.475,1.545,1.540,1.565,1.117,1.425,1.420,1.450,1.165,1.432,1.446,1.422,1.443,1.501,1.539,1.551,1.527,1.521,0.038,1.404,1.431,1.437,1.451,1.086,1.425,1.478,1.496,1.513,1.347,1.434,1.440,0.039,1.446,1.462,1.481,1.235,1.328,1.369,1.412,1.418,1.470,0.037,0.039
13:03:10,37.0,0.039,1.121,1.444,1.454,1.157,1.423,1.458,1.469,1.499,0.924,0.041,0.038,1.462,1.411,1.437,1.435,1.435,1.403,1.436,1.470,1.550,1.426,1.462,1.448,1.391,1.429,1.460,1.171,1.183,1.487,1.523,1.513,1.554,1.568,0.040,1.268,1.477,1.422,1.399,1.466,1.504,1.510,1.493,1.540,1.504,1.529,1.543,1.480,1.469,1.418,1.490,1.488,1.202,1.478,1.552,1.547,1.572,1.131,1.427,1.423,1.452,1.162,1.433,1.446,1.426,1.446,1.505,1.545,1.557,1.532,1.525,0.038,1.405,1.432,1.437,1.448,1.096,1.428,1.480,1.498,1.516,1.357,1.437,1.440,0.039,1.447,1.464,1.483,1.250,1.329,1.371,1.412,1.419,1.472,0.037,0.039
13:10:10,37.0,0.039,1.118,1.446,1.456,1.156,1.424,1.460,1.472,1.501,0.942,0.041,0.038,1.463,1.414,1.438,1.436,1.438,1.405,1.446,1.472,1.556,1.431,1.463,1.449,1.392,1.433,1.463,1.169,1.181,1.489,1.529,1.516,1.561,1.574,0.040,1.282,1.479,1.425,1.401,1.467,1.507,1.512,1.496,1.545,1.511,1.534,1.549,1.481,1.471,1.419,1.493,1.489,1.201,1.483,1.558,1.553,1.580,1.143,1.430,1.425,1.453,1.159,1.438,1.447,1.428,1.448,1.507,1.552,1.564,1.538,1.531,0.038,1.405,1.433,1.438,1.450,1.105,1.430,1.482,1.501,1.520,1.361,1.440,1.441,0.039,1.448,1.466,1.485,1.263,1.331,1.372,1.413,1.419,1.474,0.037,0.039
13:17:10,37.1,0.039,1.115,1.448,1.457,1.154,1.426,1.462,1.473,1.505,0.957,0.041,0.038,1.466,1.415,1.439,1.437,1.440,1.405,1.441,1.472,1.562,1.434,1.464,1.452,1.392,1.431,1.461,1.165,1.178,1.493,1.534,1.522,1.567,1.581,0.040,1.295,1.482,1.423,1.399,1.468,1.508,1.515,1.498,1.547,1.505,1.538,1.554,1.485,1.471,1.420,1.496,1.488,1.198,1.486,1.558,1.559,1.586,1.159,1.434,1.428,1.454,1.156,1.436,1.449,1.432,1.450,1.512,1.557,1.570,1.544,1.537,0.038,1.405,1.435,1.439,1.451,1.113,1.432,1.484,1.504,1.526,1.360,1.442,1.442,0.039,1.450,1.468,1.488,1.276,1.335,1.373,1.413,1.420,1.474,0.037,0.044
13:24:10,37.0,0.038,1.112,1.450,1.458,1.152,1.427,1.464,1.475,1.511,0.974,0.041,0.038,1.467,1.417,1.440,1.438,1.441,1.406,1.443,1.474,1.568,1.437,1.466,1.452,1.393,1.433,1.464,1.161,1.176,1.498,1.540,1.528,1.573,1.588,0.040,1.307,1.483,1.423,1.399,1.469,1.510,1.517,1.499,1.553,1.506,1.544,1.560,1.487,1.473,1.421,1.500,1.489,1.195,1.491,1.563,1.566,1.592,1.167,1.438,1.430,1.455,1.151,1.437,1.449,1.435,1.452,1.517,1.563,1.576,1.550,1.543,0.038,1.405,1.435,1.440,1.453,1.119,1.434,1.487,1.509,1.532,1.363,1.443,1.443,0.039,1.451,1.470,1.491,1.288,1.336,1.375,1.413,1.420,1.477,0.037,0.043
13:31:10,37.0,0.039,1.109,1.452,1.460,1.151,1.428,1.467,1.478,1.518,0.989,0.041,0.038,1.469,1.418,1.441,1.439,1.443,1.406,1.445,1.476,1.575,1.440,1.468,1.455,1.394,1.435,1.467,1.158,1.173,1.501,1.546,1.534,1.581,1.594,0.040,1.318,1.486,1.425,1.402,1.471,1.512,1.520,1.502,1.562,1.516,1.550,1.565,1.492,1.476,1.423,1.505,1.491,1.193,1.500,1.570,1.573,1.600,1.175,1.442,1.431,1.458,1.148,1.438,1.451,1.438,1.455,1.523,1.569,1.583,1.557,1.549,0.038,1.406,1.438,1.442,1.459,1.124,1.436,1.489,1.515,1.538,1.366,1.446,1.445,0.039,1.453,1.473,1.495,1.298,1.338,1.376,1.413,1.423,1.481,0.037,0.039
13:38:10,37.1,0.038,1.105,1.454,1.462,1.150,1.430,1.469,1.481,1.526,1.004,0.041,0.038,1.472,1.421,1.444,1.441,1.445,1.408,1.446,1.479,1.581,1.443,1.469,1.457,1.394,1.436,1.471,1.155,1.171,1.512,1.551,1.540,1.587,1.601,0.040,1.327,1.488,1.424,1.401,1.472,1.515,1.524,1.503,1.567,1.513,1.555,1.572,1.499,1.477,1.424,1.511,1.492,1.190,1.505,1.573,1.579,1.606,1.182,1.443,1.433,1.461,1.145,1.438,1.451,1.441,1.457,1.527,1.576,1.590,1.563,1.556,0.038,1.407,1.439,1.444,1.459,1.127,1.438,1.495,1.520,1.543,1.369,1.446,1.446,0.039,1.455,1.475,1.499,1.308,1.339,1.377,1.414,1.422,1.485,0.037,0.039
13:45:10,37.0,0.039,1.103,1.456,1.465,1.147,1.431,1.470,1.485,1.531,1.018,0.041,0.038,1.475,1.423,1.445,1.443,1.447,1.410,1.447,1.483,1.588,1.445,1.471,1.459,1.395,1.438,1.475,1.152,1.169,1.515,1.558,1.547,1.594,1.608,0.040,1.336,1.492,1.426,1.407,1.474,1.518,1.526,1.505,1.574,1.522,1.561,1.577,1.505,1.479,1.426,1.519,1.495,1.189,1.533,1.580,1.587,1.613,1.189,1.445,1.434,1.464,1.142,1.440,1.451,1.443,1.459,1.533,1.583,1.597,1.570,1.562,0.038,1.409,1.441,1.445,1.459,1.129,1.440,1.500,1.526,1.549,1.372,1.447,1.447,0.039,1.458,1.480,1.506,1.317,1.342,1.378,1.415,1.423,1.492,0.037,0.039
13:52:10,37.0,0.039,1.100,1.457,1.468,1.146,1.433,1.471,1.493,1.537,1.031,0.041,0.038,1.478,1.428,1.447,1.444,1.448,1.411,1.446,1.486,1.595,1.447,1.472,1.464,1.397,1.439,1.481,1.147,1.164,1.522,1.564,1.553,1.601,1.615,0.040,1.336,1.496,1.426,1.407,1.474,1.521,1.528,1.508,1.580,1.525,1.570,1.584,1.511,1.482,1.428,1.524,1.497,1.186,1.533,1.586,1.594,1.620,1.192,1.448,1.435,1.468,1.140,1.440,1.452,1.445,1.462,1.538,1.589,1.603,1.576,1.568,0.038,1.408,1.444,1.447,1.462,1.129,1.442,1.506,1.532,1.555,1.374,1.449,1.448,0.039,1.461,1.484,1.512,1.321,1.345,1.379,1.415,1.424,1.497,0.037,0.042
13:59:10,37.1,0.039,1.097,1.460,1.472,1.145,1.435,1.474,1.499,1.544,1.044,0.041,0.038,1.482,1.431,1.448,1.446,1.450,1.412,1.446,1.491,1.601,1.450,1.476,1.472,1.397,1.440,1.488,1.146,1.162,1.527,1.571,1.560,1.607,1.623,0.040,1.338,1.500,1.426,1.408,1.474,1.525,1.534,1.510,1.585,1.528,1.581,1.590,1.516,1.485,1.428,1.530,1.500,1.183,1.536,1.592,1.599,1.627,1.197,1.450,1.436,1.472,1.136,1.442,1.452,1.448,1.465,1.545,1.596,1.609,1.583,1.574,0.038,1.409,1.448,1.449,1.466,1.126,1.446,1.511,1.538,1.562,1.376,1.451,1.450,0.039,1.466,1.490,1.518,1.322,1.347,1.379,1.415,1.426,1.503,0.037,0.039
14:06:10,37.1,0.038,1.095,1.463,1.480,1.143,1.436,1.478,1.506,1.550,1.057,0.041,0.038,1.487,1.436,1.450,1.448,1.452,1.414,1.449,1.499,1.608,1.452,1.478,1.478,1.398,1.442,1.494,1.141,1.159,1.534,1.577,1.567,1.613,1.639,0.040,1.341,1.506,1.428,1.411,1.477,1.532,1.536,1.519,1.593,1.537,1.589,1.596,1.521,1.489,1.429,1.538,1.506,1.181,1.544,1.599,1.608,1.638,1.195,1.451,1.438,1.476,1.133,1.445,1.453,1.450,1.469,1.556,1.604,1.620,1.590,1.581,0.038,1.409,1.452,1.451,1.470,1.123,1.449,1.517,1.544,1.568,1.379,1.454,1.454,0.039,1.472,1.497,1.523,1.326,1.349,1.380,1.416,1.428,1.508,0.037,0.039
14:13:10,37.1,0.038,1.090,1.466,1.487,1.140,1.438,1.486,1.512,1.557,1.067,0.041,0.038,1.493,1.443,1.451,1.450,1.455,1.415,1.448,1.504,1.614,1.455,1.480,1.483,1.399,1.444,1.501,1.138,1.156,1.540,1.583,1.573,1.620,1.652,0.040,1.343,1.512,1.426,1.407,1.477,1.538,1.544,1.524,1.599,1.538,1.589,1.602,1.527,1.493,1.430,1.544,1.510,1.179,1.552,1.610,1.615,1.654,1.191,1.454,1.440,1.481,1.130,1.446,1.453,1.452,1.472,1.568,1.608,1.634,1.596,1.587,0.038,1.410,1.456,1.454,1.474,1.121,1.452,1.523,1.550,1.574,1.381,1.455,1.456,0.039,1.480,1.502,1.529,1.328,1.350,1.380,1.417,1.431,1.514,0.037,0.042
14:20:10,37.1,0.038,1.088,1.470,1.494,1.138,1.441,1.493,1.517,1.567,1.078,0.041,0.038,1.500,1.449,1.454,1.452,1.458,1.417,1.451,1.510,1.623,1.460,1.485,1.488,1.400,1.447,1.507,1.133,1.152,1.547,1.590,1.579,1.631,1.659,0.040,1.345,1.519,1.426,1.404,1.477,1.545,1.550,1.529,1.605,1.540,1.593,1.608,1.533,1.497,1.431,1.551,1.515,1.176,1.559,1.620,1.633,1.661,1.188,1.457,1.441,1.488,1.127,1.449,1.453,1.456,1.481,1.570,1.614,1.651,1.604,1.592,0.038,1.412,1.462,1.458,1.479,1.117,1.459,1.533,1.556,1.581,1.382,1.460,1.462,0.039,1.487,1.509,1.535,1.330,1.351,1.380,1.418,1.433,1.520,0.037,0.039
14:27:10,37.0,0.038,1.089,1.474,1.501,1.136,1.444,1.499,1.524,1.579,1.088,0.041,0.038,1.506,1.456,1.457,1.454,1.461,1.420,1.455,1.518,1.637,1.468,1.495,1.494,1.402,1.451,1.514,1.132,1.150,1.554,1.601,1.586,1.643,1.661,0.040,1.347,1.525,1.427,1.408,1.486,1.551,1.559,1.536,1.612,1.550,1.599,1.618,1.539,1.504,1.434,1.557,1.524,1.173,1.567,1.627,1.643,1.666,1.186,1.460,1.443,1.494,1.124,1.453,1.459,1.464,1.489,1.573,1.625,1.659,1.621,1.599,0.038,1.414,1.468,1.462,1.486,1.116,1.466,1.543,1.562,1.593,1.384,1.465,1.468,0.039,1.495,1.514,1.540,1.332,1.353,1.383,1.420,1.437,1.529,0.037,0.039
14:34:10,37.0,0.038,1.088,1.481,1.508,1.133,1.450,1.505,1.529,1.584,1.097,0.041,0.038,1.512,1.462,1.460,1.457,1.464,1.423,1.463,1.524,1.647,1.480,1.500,1.499,1.402,1.456,1.521,1.130,1.146,1.561,1.613,1.593,1.650,1.664,0.040,1.348,1.531,1.429,1.408,1.490,1.557,1.564,1.542,1.619,1.557,1.603,1.636,1.545,1.510,1.437,1.563,1.529,1.169,1.567,1.638,1.648,1.667,1.184,1.464,1.447,1.501,1.122,1.457,1.461,1.476,1.493,1.577,1.640,1.658,1.640,1.610,0.038,1.417,1.475,1.468,1.491,1.114,1.472,1.545,1.569,1.603,1.387,1.470,1.472,0.039,1.503,1.520,1.546,1.335,1.355,1.383,1.422,1.439,1.540,0.037,0.039
14:41:10,37.1,0.038,1.089,1.488,1.517,1.131,1.452,1.512,1.535,1.589,1.105,0.041,0.038,1.518,1.469,1.465,1.461,1.468,1.427,1.469,1.530,1.653,1.496,1.504,1.505,1.403,1.461,1.527,1.126,1.143,1.571,1.623,1.605,1.655,1.668,0.040,1.351,1.538,1.432,1.409,1.497,1.563,1.571,1.548,1.625,1.566,1.612,1.646,1.551,1.517,1.441,1.569,1.536,1.167,1.571,1.650,1.652,1.671,1.183,1.474,1.454,1.507,1.118,1.462,1.467,1.484,1.499,1.582,1.661,1.662,1.648,1.625,0.038,1.419,1.481,1.474,1.498,1.111,1.476,1.548,1.581,1.610,1.389,1.476,1.478,0.039,1.507,1.526,1.552,1.336,1.355,1.383,1.425,1.443,1.544,0.037,0.039
14:48:10,37.1,0.038,1.087,1.494,1.523,1.129,1.455,1.520,1.541,1.597,1.110,0.041,0.038,1.525,1.475,1.472,1.465,1.476,1.433,1.475,1.536,1.655,1.498,1.510,1.510,1.404,1.468,1.534,1.123,1.140,1.585,1.635,1.616,1.657,1.669,0.040,1.352,1.544,1.435,1.408,1.501,1.570,1.577,1.554,1.632,1.568,1.627,1.650,1.556,1.522,1.445,1.576,1.542,1.163,1.576,1.650,1.651,1.678,1.181,1.484,1.458,1.513,1.115,1.469,1.471,1.486,1.505,1.590,1.663,1.663,1.648,1.639,0.038,1.423,1.487,1.480,1.505,1.109,1.482,1.551,1.593,1.621,1.391,1.480,1.482,0.038,1.510,1.535,1.561,1.338,1.356,1.385,1.427,1.450,1.548,0.037,0.039
14:55:10,37.0,0.039,1.087,1.501,1.526,1.127,1.463,1.528,1.553,1.604,1.116,0.041,0.038,1.530,1.482,1.478,1.471,1.482,1.437,1.481,1.544,1.659,1.498,1.515,1.516,1.407,1.475,1.541,1.121,1.137,1.593,1.637,1.624,1.658,1.668,0.040,1.355,1.550,1.439,1.410,1.510,1.577,1.584,1.561,1.649,1.577,1.631,1.651,1.563,1.529,1.450,1.583,1.550,1.161,1.585,1.651,1.658,1.680,1.180,1.500,1.463,1.520,1.111,1.475,1.478,1.486,1.514,1.609,1.664,1.663,1.651,1.642,0.038,1.427,1.494,1.488,1.512,1.107,1.489,1.554,1.603,1.632,1.393,1.486,1.487,0.039,1.513,1.547,1.573,1.340,1.357,1.385,1.430,1.455,1.551,0.037,0.039
15:02:10,37.1,0.038,1.089,1.506,1.530,1.125,1.471,1.534,1.564,1.608,1.119,0.041,0.038,1.536,1.489,1.485,1.478,1.488,1.441,1.487,1.551,1.663,1.504,1.520,1.522,1.411,1.482,1.547,1.118,1.134,1.604,1.638,1.629,1.667,1.666,0.040,1.357,1.556,1.445,1.411,1.516,1.583,1.592,1.569,1.659,1.586,1.631,1.656,1.574,1.536,1.457,1.591,1.557,1.158,1.594,1.653,1.663,1.680,1.176,1.502,1.469,1.526,1.109,1.481,1.484,1.490,1.526,1.613,1.669,1.663,1.653,1.645,0.038,1.431,1.500,1.493,1.520,1.103,1.500,1.559,1.618,1.632,1.395,1.492,1.493,0.039,1.517,1.553,1.581,1.342,1.358,1.387,1.435,1.462,1.557,0.037,0.039
15:09:10,37.1,0.038,1.091,1.512,1.534,1.122,1.476,1.535,1.573,1.608,1.122,0.041,0.038,1.542,1.495,1.492,1.485,1.494,1.445,1.492,1.556,1.664,1.507,1.525,1.528,1.415,1.488,1.554,1.116,1.131,1.613,1.639,1.631,1.669,1.663,0.040,1.358,1.562,1.451,1.412,1.522,1.589,1.598,1.575,1.665,1.591,1.630,1.659,1.589,1.542,1.464,1.607,1.563,1.155,1.600,1.651,1.663,1.678,1.174,1.500,1.473,1.532,1.106,1.488,1.490,1.494,1.538,1.613,1.670,1.660,1.652,1.649,0.038,1.436,1.506,1.500,1.525,1.100,1.512,1.567,1.619,1.633,1.398,1.498,1.498,0.039,1.520,1.557,1.592,1.343,1.360,1.388,1.440,1.467,1.570,0.037,0.039
15:16:10,37.1,0.039,1.093,1.518,1.538,1.120,1.482,1.538,1.581,1.608,1.124,0.041,0.038,1.547,1.502,1.498,1.492,1.500,1.452,1.498,1.564,1.663,1.511,1.530,1.532,1.419,1.495,1.564,1.112,1.128,1.617,1.639,1.631,1.669,1.660,0.040,1.360,1.568,1.457,1.413,1.530,1.600,1.606,1.582,1.672,1.601,1.629,1.658,1.596,1.548,1.471,1.614,1.570,1.151,1.604,1.650,1.663,1.676,1.171,1.507,1.478,1.538,1.103,1.494,1.497,1.498,1.540,1.613,1.670,1.657,1.651,1.651,0.038,1.443,1.512,1.506,1.532,1.097,1.519,1.580,1.619,1.635,1.400,1.505,1.502,0.039,1.524,1.566,1.604,1.345,1.361,1.390,1.446,1.472,1.580,0.037,0.039
15:23:10,37.0,0.039,1.095,1.524,1.545,1.118,1.488,1.542,1.585,1.611,1.121,0.041,0.038,1.554,1.508,1.504,1.498,1.507,1.460,1.504,1.569,1.661,1.515,1.536,1.539,1.427,1.502,1.576,1.109,1.125,1.617,1.638,1.638,1.668,1.657,0.040,1.362,1.576,1.463,1.414,1.533,1.612,1.611,1.586,1.669,1.602,1.628,1.657,1.598,1.555,1.477,1.619,1.574,1.149,1.606,1.647,1.659,1.672,1.167,1.509,1.482,1.543,1.101,1.500,1.501,1.501,1.544,1.611,1.667,1.655,1.649,1.650,0.039,1.450,1.518,1.512,1.537,1.093,1.519,1.590,1.622,1.635,1.402,1.514,1.508,0.039,1.531,1.582,1.603,1.346,1.362,1.393,1.451,1.478,1.580,0.037,0.039
15:30:10,37.1,0.039,1.100,1.529,1.550,1.116,1.494,1.547,1.587,1.611,1.120,0.041,0.038,1.568,1.515,1.511,1.505,1.512,1.466,1.511,1.581,1.658,1.519,1.541,1.550,1.433,1.508,1.583,1.107,1.122,1.617,1.636,1.641,1.665,1.655,0.040,1.363,1.593,1.469,1.415,1.538,1.622,1.618,1.593,1.671,1.608,1.627,1.654,1.604,1.560,1.484,1.621,1.582,1.145,1.605,1.645,1.657,1.669,1.164,1.514,1.488,1.549,1.099,1.506,1.507,1.506,1.550,1.611,1.664,1.652,1.646,1.648,0.038,1.456,1.524,1.519,1.545,1.091,1.525,1.591,1.623,1.634,1.405,1.522,1.513,0.039,1.546,1.583,1.606,1.348,1.364,1.398,1.456,1.482,1.579,0.037,0.039
15:37:10,37.0,0.038,1.106,1.537,1.556,1.114,1.499,1.556,1.587,1.610,1.118,0.041,0.038,1.577,1.528,1.517,1.512,1.521,1.472,1.517,1.591,1.656,1.522,1.547,1.557,1.440,1.514,1.589,1.105,1.118,1.615,1.635,1.641,1.663,1.651,0.040,1.365,1.601,1.475,1.418,1.546,1.638,1.633,1.603,1.679,1.616,1.627,1.652,1.609,1.566,1.490,1.630,1.592,1.143,1.605,1.643,1.654,1.667,1.161,1.519,1.495,1.563,1.096,1.513,1.514,1.511,1.557,1.611,1.662,1.649,1.643,1.646,0.038,1.462,1.530,1.525,1.550,1.087,1.530,1.590,1.621,1.632,1.409,1.524,1.517,0.039,1.554,1.583,1.608,1.349,1.365,1.404,1.461,1.488,1.581,0.037,0.039
15:44:10,37.0,0.039,1.110,1.550,1.559,1.112,1.505,1.562,1.589,1.609,1.118,0.041,0.038,1.583,1.537,1.523,1.519,1.533,1.478,1.524,1.599,1.652,1.526,1.552,1.564,1.446,1.521,1.593,1.102,1.115,1.615,1.632,1.639,1.660,1.648,0.040,1.367,1.607,1.482,1.419,1.551,1.645,1.644,1.619,1.680,1.628,1.625,1.649,1.609,1.574,1.497,1.634,1.608,1.140,1.603,1.640,1.650,1.663,1.158,1.524,1.503,1.576,1.094,1.519,1.519,1.517,1.565,1.609,1.659,1.646,1.640,1.643,0.038,1.467,1.538,1.530,1.557,1.083,1.536,1.589,1.620,1.630,1.414,1.528,1.523,0.039,1.555,1.587,1.609,1.350,1.367,1.411,1.466,1.494,1.582,0.037,0.039
15:51:10,37.1,0.038,1.114,1.561,1.559,1.109,1.511,1.567,1.590,1.607,1.117,0.041,0.038,1.586,1.542,1.530,1.525,1.543,1.484,1.529,1.604,1.649,1.530,1.558,1.568,1.452,1.528,1.595,1.101,1.112,1.615,1.629,1.637,1.657,1.645,0.040,1.369,1.609,1.488,1.420,1.557,1.646,1.650,1.627,1.679,1.640,1.622,1.646,1.608,1.590,1.503,1.633,1.614,1.137,1.600,1.637,1.648,1.661,1.154,1.530,1.510,1.581,1.091,1.525,1.525,1.522,1.576,1.607,1.656,1.643,1.637,1.640,0.038,1.474,1.556,1.536,1.568,1.080,1.542,1.589,1.617,1.627,1.421,1.532,1.538,0.039,1.553,1.587,1.607,1.352,1.369,1.415,1.471,1.498,1.581,0.037,0.039
15:58:10,37.1,0.039,1.118,1.566,1.558,1.107,1.518,1.566,1.590,1.604,1.116,0.041,0.038,1.591,1.547,1.536,1.532,1.546,1.490,1.536,1.606,1.646,1.533,1.569,1.570,1.458,1.534,1.603,1.097,1.109,1.614,1.627,1.634,1.654,1.642,0.040,1.370,1.617,1.494,1.423,1.565,1.646,1.654,1.631,1.677,1.647,1.621,1.643,1.607,1.597,1.510,1.632,1.618,1.134,1.597,1.634,1.645,1.657,1.151,1.536,1.516,1.585,1.091,1.532,1.531,1.526,1.581,1.605,1.653,1.639,1.634,1.637,0.038,1.479,1.564,1.543,1.584,1.077,1.551,1.589,1.615,1.625,1.425,1.543,1.548,0.039,1.555,1.587,1.606,1.353,1.372,1.421,1.477,1.504,1.579,0.037,0.039
16:05:10,37.0,0.039,1.118,1.569,1.562,1.105,1.528,1.564,1.587,1.601,1.115,0.041,0.038,1.597,1.550,1.542,1.538,1.553,1.497,1.550,1.609,1.643,1.535,1.576,1.573,1.465,1.548,1.605,1.097,1.106,1.612,1.625,1.631,1.651,1.639,0.040,1.373,1.622,1.500,1.426,1.582,1.647,1.659,1.635,1.676,1.653,1.618,1.640,1.604,1.602,1.516,1.632,1.623,1.131,1.598,1.632,1.642,1.655,1.148,1.540,1.518,1.588,1.089,1.540,1.539,1.529,1.583,1.602,1.650,1.637,1.631,1.634,0.038,1.485,1.569,1.558,1.590,1.074,1.562,1.587,1.612,1.622,1.430,1.560,1.553,0.039,1.556,1.586,1.604,1.355,1.372,1.425,1.481,1.508,1.577,0.037,0.039
16:12:10,37.1,0.039,1.119,1.568,1.562,1.102,1.544,1.566,1.585,1.599,1.114,0.041,0.038,1.599,1.560,1.556,1.546,1.562,1.503,1.559,1.617,1.641,1.538,1.584,1.579,1.471,1.557,1.604,1.095,1.103,1.610,1.622,1.629,1.648,1.636,0.040,1.375,1.623,1.507,1.430,1.590,1.646,1.659,1.636,1.673,1.654,1.616,1.638,1.601,1.605,1.522,1.629,1.625,1.127,1.598,1.629,1.639,1.652,1.145,1.544,1.524,1.596,1.087,1.557,1.548,1.532,1.583,1.600,1.647,1.633,1.628,1.632,0.038,1.491,1.572,1.570,1.594,1.071,1.564,1.586,1.609,1.619,1.437,1.560,1.555,0.039,1.556,1.584,1.602,1.356,1.373,1.431,1.486,1.515,1.575,0.037,0.039
16:19:10,37.0,0.039,1.120,1.572,1.561,1.101,1.551,1.565,1.583,1.596,1.113,0.041,0.038,1.599,1.563,1.564,1.559,1.567,1.510,1.566,1.618,1.638,1.540,1.591,1.580,1.477,1.564,1.603,1.092,1.101,1.608,1.619,1.626,1.646,1.632,0.040,1.378,1.622,1.513,1.438,1.596,1.645,1.665,1.639,1.671,1.658,1.613,1.635,1.599,1.612,1.530,1.627,1.632,1.126,1.598,1.627,1.637,1.649,1.142,1.546,1.540,1.599,1.087,1.566,1.565,1.533,1.582,1.598,1.644,1.631,1.624,1.628,0.038,1.496,1.578,1.575,1.597,1.067,1.564,1.583,1.607,1.616,1.442,1.558,1.558,0.039,1.555,1.581,1.599,1.358,1.376,1.435,1.490,1.531,1.572,0.037,0.042
16:26:10,37.0,0.038,1.120,1.574,1.559,1.098,1.558,1.565,1.581,1.593,1.111,0.041,0.038,1.598,1.563,1.571,1.567,1.574,1.516,1.571,1.617,1.634,1.542,1.593,1.579,1.483,1.568,1.601,1.090,1.098,1.604,1.616,1.623,1.642,1.629,0.040,1.381,1.620,1.520,1.443,1.599,1.643,1.666,1.640,1.667,1.663,1.610,1.631,1.596,1.618,1.546,1.625,1.630,1.122,1.596,1.623,1.634,1.645,1.139,1.547,1.549,1.598,1.086,1.571,1.571,1.535,1.580,1.595,1.641,1.628,1.621,1.625,0.038,1.502,1.583,1.578,1.605,1.064,1.563,1.580,1.603,1.613,1.448,1.559,1.564,0.039,1.553,1.579,1.596,1.360,1.379,1.441,1.495,1.537,1.569,0.037,0.039
16:33:10,37.0,0.038,1.121,1.574,1.558,1.097,1.561,1.563,1.578,1.591,1.110,0.041,0.038,1.596,1.563,1.576,1.574,1.575,1.525,1.572,1.615,1.631,1.544,1.594,1.578,1.488,1.570,1.599,1.089,1.094,1.602,1.614,1.621,1.640,1.627,0.040,1.385,1.619,1.530,1.449,1.604,1.643,1.669,1.641,1.665,1.664,1.608,1.628,1.593,1.619,1.556,1.623,1.631,1.120,1.595,1.622,1.631,1.644,1.136,1.549,1.548,1.598,1.086,1.575,1.576,1.536,1.578,1.593,1.639,1.625,1.619,1.622,0.038,1.513,1.585,1.586,1.609,1.060,1.561,1.579,1.601,1.611,1.454,1.559,1.567,0.039,1.551,1.577,1.594,1.362,1.381,1.444,1.503,1.541,1.567,0.037,0.039
16:40:10,37.1,0.038,1.123,1.573,1.556,1.095,1.560,1.561,1.575,1.588,1.109,0.041,0.038,1.594,1.562,1.579,1.579,1.576,1.536,1.572,1.613,1.629,1.544,1.593,1.576,1.495,1.578,1.597,1.086,1.092,1.599,1.611,1.618,1.637,1.624,0.040,1.389,1.616,1.544,1.456,1.612,1.641,1.673,1.640,1.663,1.665,1.605,1.626,1.591,1.618,1.562,1.621,1.631,1.117,1.592,1.620,1.629,1.641,1.133,1.552,1.548,1.596,1.085,1.579,1.579,1.538,1.577,1.590,1.635,1.623,1.616,1.620,0.038,1.528,1.585,1.591,1.609,1.058,1.558,1.576,1.598,1.608,1.460,1.559,1.566,0.039,1.548,1.574,1.591,1.364,1.390,1.450,1.520,1.544,1.564,0.037,0.039
16:47:10,37.0,0.038,1.122,1.571,1.553,1.093,1.560,1.559,1.573,1.586,1.107,0.041,0.038,1.592,1.561,1.587,1.581,1.577,1.543,1.576,1.611,1.625,1.546,1.596,1.574,1.505,1.582,1.595,1.084,1.090,1.596,1.608,1.614,1.634,1.622,0.040,1.395,1.614,1.551,1.461,1.613,1.637,1.663,1.636,1.659,1.661,1.602,1.623,1.588,1.617,1.566,1.618,1.624,1.115,1.588,1.616,1.625,1.638,1.130,1.553,1.548,1.594,1.084,1.585,1.583,1.538,1.577,1.587,1.632,1.619,1.613,1.617,0.038,1.534,1.583,1.591,1.608,1.054,1.558,1.573,1.595,1.605,1.465,1.557,1.567,0.039,1.546,1.571,1.588,1.366,1.391,1.455,1.526,1.552,1.561,0.037,0.039
16:54:10,37.1,0.039,1.127,1.569,1.552,1.091,1.560,1.557,1.570,1.583,1.104,0.041,0.038,1.589,1.559,1.592,1.588,1.574,1.550,1.576,1.609,1.623,1.547,1.597,1.571,1.516,1.582,1.593,1.084,1.087,1.594,1.606,1.612,1.631,1.619,0.040,1.401,1.611,1.556,1.467,1.613,1.636,1.663,1.636,1.657,1.660,1.600,1.621,1.584,1.615,1.569,1.617,1.625,1.112,1.587,1.614,1.624,1.636,1.127,1.555,1.549,1.591,1.083,1.587,1.585,1.541,1.577,1.585,1.630,1.617,1.610,1.614,0.038,1.538,1.582,1.591,1.607,1.052,1.559,1.571,1.593,1.603,1.472,1.555,1.565,0.039,1.545,1.569,1.586,1.369,1.399,1.460,1.531,1.556,1.559,0.037,0.039
17:01:10,37.1,0.038,1.126,1.567,1.549,1.088,1.559,1.554,1.567,1.581,1.102,0.041,0.038,1.587,1.557,1.591,1.593,1.573,1.554,1.574,1.607,1.620,1.546,1.596,1.568,1.523,1.581,1.590,1.082,1.085,1.591,1.604,1.609,1.628,1.617,0.040,1.406,1.609,1.558,1.473,1.613,1.632,1.659,1.633,1.653,1.657,1.597,1.618,1.582,1.613,1.577,1.614,1.621,1.109,1.582,1.611,1.620,1.633,1.124,1.555,1.547,1.590,1.083,1.586,1.585,1.542,1.576,1.582,1.627,1.615,1.607,1.611,0.038,1.541,1.580,1.589,1.604,1.050,1.558,1.569,1.590,1.600,1.480,1.553,1.560,0.039,1.542,1.566,1.583,1.371,1.400,1.463,1.532,1.557,1.556,0.037,0.039
17:08:10,37.0,0.038,1.128,1.565,1.547,1.087,1.558,1.552,1.565,1.578,1.100,0.041,0.038,1.584,1.555,1.590,1.594,1.573,1.557,1.573,1.604,1.618,1.545,1.595,1.566,1.528,1.580,1.588,1.080,1.082,1.589,1.602,1.607,1.627,1.614,0.040,1.411,1.606,1.563,1.479,1.611,1.631,1.658,1.632,1.651,1.655,1.595,1.615,1.579,1.610,1.579,1.612,1.621,1.107,1.580,1.609,1.618,1.631,1.122,1.555,1.546,1.587,1.083,1.585,1.584,1.542,1.574,1.580,1.624,1.612,1.605,1.609,0.038,1.549,1.578,1.588,1.603,1.047,1.557,1.566,1.587,1.597,1.492,1.551,1.558,0.038,1.540,1.564,1.580,1.374,1.407,1.471,1.538,1.556,1.553,0.037,0.039
17:15:10,37.1,0.039,1.128,1.563,1.545,1.086,1.556,1.550,1.562,1.575,1.098,0.041,0.038,1.582,1.553,1.589,1.593,1.573,1.557,1.571,1.602,1.615,1.543,1.593,1.563,1.531,1.579,1.586,1.081,1.080,1.585,1.599,1.604,1.624,1.612,0.040,1.416,1.604,1.565,1.485,1.610,1.627,1.654,1.629,1.648,1.652,1.592,1.613,1.576,1.608,1.579,1.609,1.617,1.104,1.577,1.606,1.616,1.628,1.119,1.553,1.544,1.585,1.068,1.583,1.584,1.541,1.572,1.578,1.622,1.610,1.602,1.606,0.038,1.552,1.576,1.586,1.600,1.044,1.555,1.564,1.584,1.594,1.504,1.549,1.555,0.039,1.538,1.562,1.578,1.378,1.410,1.487,1.542,1.555,1.551,0.037,0.039
17:22:10,37.1,0.039,1.129,1.560,1.543,1.084,1.554,1.548,1.559,1.573,1.097,0.041,0.038,1.579,1.550,1.588,1.592,1.571,1.562,1.569,1.599,1.613,1.540,1.591,1.561,1.537,1.577,1.584,1.080,1.077,1.584,1.597,1.602,1.622,1.610,0.040,1.421,1.601,1.565,1.491,1.608,1.626,1.654,1.627,1.647,1.650,1.591,1.611,1.574,1.606,1.577,1.607,1.616,1.102,1.575,1.605,1.614,1.627,1.116,1.551,1.541,1.583,1.052,1.581,1.583,1.540,1.570,1.576,1.620,1.607,1.600,1.603,0.038,1.552,1.574,1.583,1.597,1.041,1.553,1.562,1.582,1.592,1.510,1.546,1.552,0.039,1.536,1.559,1.575,1.383,1.414,1.498,1.543,1.553,1.548,0.037,0.039
17:29:10,37.0,0.038,1.130,1.557,1.541,1.082,1.551,1.544,1.557,1.570,1.094,0.041,0.038,1.577,1.548,1.586,1.590,1.569,1.565,1.567,1.597,1.610,1.538,1.589,1.558,1.539,1.575,1.581,1.079,1.076,1.581,1.594,1.599,1.619,1.607,0.040,1.426,1.599,1.565,1.497,1.605,1.622,1.649,1.624,1.643,1.648,1.588,1.608,1.571,1.603,1.577,1.605,1.612,1.098,1.572,1.602,1.611,1.624,1.113,1.548,1.539,1.580,1.044,1.579,1.581,1.538,1.567,1.573,1.617,1.604,1.598,1.601,0.038,1.551,1.572,1.582,1.595,1.038,1.550,1.559,1.579,1.589,1.522,1.544,1.550,0.039,1.534,1.556,1.573,1.387,1.419,1.502,1.543,1.550,1.545,0.037,0.039
17:36:10,37.1,0.039,1.131,1.555,1.539,1.082,1.549,1.542,1.554,1.568,1.093,0.041,0.038,1.574,1.546,1.584,1.589,1.568,1.567,1.565,1.595,1.608,1.537,1.587,1.556,1.539,1.573,1.579,1.081,1.073,1.578,1.592,1.597,1.617,1.606,0.040,1.432,1.596,1.564,1.504,1.605,1.621,1.651,1.623,1.641,1.646,1.586,1.606,1.569,1.600,1.575,1.603,1.612,1.096,1.570,1.601,1.610,1.622,1.111,1.546,1.537,1.578,1.039,1.578,1.580,1.537,1.565,1.571,1.616,1.603,1.596,1.599,0.038,1.550,1.570,1.579,1.592,1.035,1.548,1.557,1.577,1.587,1.532,1.542,1.548,0.039,1.532,1.554,1.571,1.392,1.423,1.504,1.542,1.550,1.543,0.037,0.039
17:43:10,37.1,0.039,1.131,1.552,1.537,1.080,1.546,1.540,1.552,1.565,1.091,0.041,0.038,1.572,1.544,1.582,1.587,1.565,1.565,1.563,1.592,1.606,1.538,1.584,1.553,1.539,1.571,1.577,1.079,1.071,1.575,1.590,1.595,1.615,1.603,0.040,1.437,1.594,1.564,1.512,1.602,1.618,1.645,1.621,1.638,1.643,1.583,1.605,1.567,1.598,1.573,1.601,1.608,1.093,1.567,1.599,1.608,1.620,1.108,1.548,1.534,1.576,1.038,1.576,1.579,1.535,1.562,1.569,1.613,1.600,1.594,1.597,0.038,1.549,1.568,1.577,1.591,1.032,1.545,1.555,1.575,1.584,1.534,1.539,1.544,0.039,1.530,1.552,1.568,1.396,1.429,1.507,1.539,1.546,1.540,0.037,0.039
0:00:00,,,,,,,,,,,,,,,,,,,,,,,,,,,,,,,,,,,,,,,,,,,,,,,,,,,,,,,,,,,,,,,,,,,,,,,,,,,,,,,,,,,,,,,,,,,,,,,,,
0:00:00,,,,,,,,,,,,,,,,,,,,,,,,,,,,,,,,,,,,,,,,,,,,,,,,,,,,,,,,,,,,,,,,,,,,,,,,,,,,,,,,,,,,,,,,,,,,,,,,,
0:00:00,,,,,,,,,,,,,,,,,,,,,,,,,,,,,,,,,,,,,,,,,,,,,,,,,,,,,,,,,,,,,,,,,,,,,,,,,,,,,,,,,,,,,,,,,,,,,,,,,
0:00:00,,,,,,,,,,,,,,,,,,,,,,,,,,,,,,,,,,,,,,,,,,,,,,,,,,,,,,,,,,,,,,,,,,,,,,,,,,,,,,,,,,,,,,,,,,,,,,,,,
0:00:00,,,,,,,,,,,,,,,,,,,,,,,,,,,,,,,,,,,,,,,,,,,,,,,,,,,,,,,,,,,,,,,,,,,,,,,,,,,,,,,,,,,,,,,,,,,,,,,,,
0:00:00,,,,,,,,,,,,,,,,,,,,,,,,,,,,,,,,,,,,,,,,,,,,,,,,,,,,,,,,,,,,,,,,,,,,,,,,,,,,,,,,,,,,,,,,,,,,,,,,,
0:00:00,,,,,,,,,,,,,,,,,,,,,,,,,,,,,,,,,,,,,,,,,,,,,,,,,,,,,,,,,,,,,,,,,,,,,,,,,,,,,,,,,,,,,,,,,,,,,,,,,
0:00:00,,,,,,,,,,,,,,,,,,,,,,,,,,,,,,,,,,,,,,,,,,,,,,,,,,,,,,,,,,,,,,,,,,,,,,,,,,,,,,,,,,,,,,,,,,,,,,,,,
0:00:00,,,,,,,,,,,,,,,,,,,,,,,,,,,,,,,,,,,,,,,,,,,,,,,,,,,,,,,,,,,,,,,,,,,,,,,,,,,,,,,,,,,,,,,,,,,,,,,,,
0:00:00,,,,,,,,,,,,,,,,,,,,,,,,,,,,,,,,,,,,,,,,,,,,,,,,,,,,,,,,,,,,,,,,,,,,,,,,,,,,,,,,,,,,,,,,,,,,,,,,,
0:00:00,,,,,,,,,,,,,,,,,,,,,,,,,,,,,,,,,,,,,,,,,,,,,,,,,,,,,,,,,,,,,,,,,,,,,,,,,,,,,,,,,,,,,,,,,,,,,,,,,
0:00:00,,,,,,,,,,,,,,,,,,,,,,,,,,,,,,,,,,,,,,,,,,,,,,,,,,,,,,,,,,,,,,,,,,,,,,,,,,,,,,,,,,,,,,,,,,,,,,,,,
0:00:00,,,,,,,,,,,,,,,,,,,,,,,,,,,,,,,,,,,,,,,,,,,,,,,,,,,,,,,,,,,,,,,,,,,,,,,,,,,,,,,,,,,,,,,,,,,,,,,,,
0:00:00,,,,,,,,,,,,,,,,,,,,,,,,,,,,,,,,,,,,,,,,,,,,,,,,,,,,,,,,,,,,,,,,,,,,,,,,,,,,,,,,,,,,,,,,,,,,,,,,,
0:00:00,,,,,,,,,,,,,,,,,,,,,,,,,,,,,,,,,,,,,,,,,,,,,,,,,,,,,,,,,,,,,,,,,,,,,,,,,,,,,,,,,,,,,,,,,,,,,,,,,
0:00:00,,,,,,,,,,,,,,,,,,,,,,,,,,,,,,,,,,,,,,,,,,,,,,,,,,,,,,,,,,,,,,,,,,,,,,,,,,,,,,,,,,,,,,,,,,,,,,,,,
0:00:00,,,,,,,,,,,,,,,,,,,,,,,,,,,,,,,,,,,,,,,,,,,,,,,,,,,,,,,,,,,,,,,,,,,,,,,,,,,,,,,,,,,,,,,,,,,,,,,,,
0:00:00,,,,,,,,,,,,,,,,,,,,,,,,,,,,,,,,,,,,,,,,,,,,,,,,,,,,,,,,,,,,,,,,,,,,,,,,,,,,,,,,,,,,,,,,,,,,,,,,,
0:00:00,,,,,,,,,,,,,,,,,,,,,,,,,,,,,,,,,,,,,,,,,,,,,,,,,,,,,,,,,,,,,,,,,,,,,,,,,,,,,,,,,,,,,,,,,,,,,,,,,
0:00:00,,,,,,,,,,,,,,,,,,,,,,,,,,,,,,,,,,,,,,,,,,,,,,,,,,,,,,,,,,,,,,,,,,,,,,,,,,,,,,,,,,,,,,,,,,,,,,,,,
0:00:00,,,,,,,,,,,,,,,,,,,,,,,,,,,,,,,,,,,,,,,,,,,,,,,,,,,,,,,,,,,,,,,,,,,,,,,,,,,,,,,,,,,,,,,,,,,,,,,,,
0:00:00,,,,,,,,,,,,,,,,,,,,,,,,,,,,,,,,,,,,,,,,,,,,,,,,,,,,,,,,,,,,,,,,,,,,,,,,,,,,,,,,,,,,,,,,,,,,,,,,,
0:00:00,,,,,,,,,,,,,,,,,,,,,,,,,,,,,,,,,,,,,,,,,,,,,,,,,,,,,,,,,,,,,,,,,,,,,,,,,,,,,,,,,,,,,,,,,,,,,,,,,
0:00:00,,,,,,,,,,,,,,,,,,,,,,,,,,,,,,,,,,,,,,,,,,,,,,,,,,,,,,,,,,,,,,,,,,,,,,,,,,,,,,,,,,,,,,,,,,,,,,,,,
0:00:00,,,,,,,,,,,,,,,,,,,,,,,,,,,,,,,,,,,,,,,,,,,,,,,,,,,,,,,,,,,,,,,,,,,,,,,,,,,,,,,,,,,,,,,,,,,,,,,,,
0:00:00,,,,,,,,,,,,,,,,,,,,,,,,,,,,,,,,,,,,,,,,,,,,,,,,,,,,,,,,,,,,,,,,,,,,,,,,,,,,,,,,,,,,,,,,,,,,,,,,,
0:00:00,,,,,,,,,,,,,,,,,,,,,,,,,,,,,,,,,,,,,,,,,,,,,,,,,,,,,,,,,,,,,,,,,,,,,,,,,,,,,,,,,,,,,,,,,,,,,,,,,
0:00:00,,,,,,,,,,,,,,,,,,,,,,,,,,,,,,,,,,,,,,,,,,,,,,,,,,,,,,,,,,,,,,,,,,,,,,,,,,,,,,,,,,,,,,,,,,,,,,,,,
0:00:00,,,,,,,,,,,,,,,,,,,,,,,,,,,,,,,,,,,,,,,,,,,,,,,,,,,,,,,,,,,,,,,,,,,,,,,,,,,,,,,,,,,,,,,,,,,,,,,,,
0:00:00,,,,,,,,,,,,,,,,,,,,,,,,,,,,,,,,,,,,,,,,,,,,,,,,,,,,,,,,,,,,,,,,,,,,,,,,,,,,,,,,,,,,,,,,,,,,,,,,,
0:00:00,,,,,,,,,,,,,,,,,,,,,,,,,,,,,,,,,,,,,,,,,,,,,,,,,,,,,,,,,,,,,,,,,,,,,,,,,,,,,,,,,,,,,,,,,,,,,,,,,
0:00:00,,,,,,,,,,,,,,,,,,,,,,,,,,,,,,,,,,,,,,,,,,,,,,,,,,,,,,,,,,,,,,,,,,,,,,,,,,,,,,,,,,,,,,,,,,,,,,,,,
0:00:00,,,,,,,,,,,,,,,,,,,,,,,,,,,,,,,,,,,,,,,,,,,,,,,,,,,,,,,,,,,,,,,,,,,,,,,,,,,,,,,,,,,,,,,,,,,,,,,,,
0:00:00,,,,,,,,,,,,,,,,,,,,,,,,,,,,,,,,,,,,,,,,,,,,,,,,,,,,,,,,,,,,,,,,,,,,,,,,,,,,,,,,,,,,,,,,,,,,,,,,,
0:00:00,,,,,,,,,,,,,,,,,,,,,,,,,,,,,,,,,,,,,,,,,,,,,,,,,,,,,,,,,,,,,,,,,,,,,,,,,,,,,,,,,,,,,,,,,,,,,,,,,
0:00:00,,,,,,,,,,,,,,,,,,,,,,,,,,,,,,,,,,,,,,,,,,,,,,,,,,,,,,,,,,,,,,,,,,,,,,,,,,,,,,,,,,,,,,,,,,,,,,,,,
0:00:00,,,,,,,,,,,,,,,,,,,,,,,,,,,,,,,,,,,,,,,,,,,,,,,,,,,,,,,,,,,,,,,,,,,,,,,,,,,,,,,,,,,,,,,,,,,,,,,,,
0:00:00,,,,,,,,,,,,,,,,,,,,,,,,,,,,,,,,,,,,,,,,,,,,,,,,,,,,,,,,,,,,,,,,,,,,,,,,,,,,,,,,,,,,,,,,,,,,,,,,,
0:00:00,,,,,,,,,,,,,,,,,,,,,,,,,,,,,,,,,,,,,,,,,,,,,,,,,,,,,,,,,,,,,,,,,,,,,,,,,,,,,,,,,,,,,,,,,,,,,,,,,
0:00:00,,,,,,,,,,,,,,,,,,,,,,,,,,,,,,,,,,,,,,,,,,,,,,,,,,,,,,,,,,,,,,,,,,,,,,,,,,,,,,,,,,,,,,,,,,,,,,,,,
0:00:00,,,,,,,,,,,,,,,,,,,,,,,,,,,,,,,,,,,,,,,,,,,,,,,,,,,,,,,,,,,,,,,,,,,,,,,,,,,,,,,,,,,,,,,,,,,,,,,,,
0:00:00,,,,,,,,,,,,,,,,,,,,,,,,,,,,,,,,,,,,,,,,,,,,,,,,,,,,,,,,,,,,,,,,,,,,,,,,,,,,,,,,,,,,,,,,,,,,,,,,,
0:00:00,,,,,,,,,,,,,,,,,,,,,,,,,,,,,,,,,,,,,,,,,,,,,,,,,,,,,,,,,,,,,,,,,,,,,,,,,,,,,,,,,,,,,,,,,,,,,,,,,
0:00:00,,,,,,,,,,,,,,,,,,,,,,,,,,,,,,,,,,,,,,,,,,,,,,,,,,,,,,,,,,,,,,,,,,,,,,,,,,,,,,,,,,,,,,,,,,,,,,,,,
0:00:00,,,,,,,,,,,,,,,,,,,,,,,,,,,,,,,,,,,,,,,,,,,,,,,,,,,,,,,,,,,,,,,,,,,,,,,,,,,,,,,,,,,,,,,,,,,,,,,,,
0:00:00,,,,,,,,,,,,,,,,,,,,,,,,,,,,,,,,,,,,,,,,,,,,,,,,,,,,,,,,,,,,,,,,,,,,,,,,,,,,,,,,,,,,,,,,,,,,,,,,,
0:00:00,,,,,,,,,,,,,,,,,,,,,,,,,,,,,,,,,,,,,,,,,,,,,,,,,,,,,,,,,,,,,,,,,,,,,,,,,,,,,,,,,,,,,,,,,,,,,,,,,
0:00:00,,,,,,,,,,,,,,,,,,,,,,,,,,,,,,,,,,,,,,,,,,,,,,,,,,,,,,,,,,,,,,,,,,,,,,,,,,,,,,,,,,,,,,,,,,,,,,,,,
0:00:00,,,,,,,,,,,,,,,,,,,,,,,,,,,,,,,,,,,,,,,,,,,,,,,,,,,,,,,,,,,,,,,,,,,,,,,,,,,,,,,,,,,,,,,,,,,,,,,,,
0:00:00,,,,,,,,,,,,,,,,,,,,,,,,,,,,,,,,,,,,,,,,,,,,,,,,,,,,,,,,,,,,,,,,,,,,,,,,,,,,,,,,,,,,,,,,,,,,,,,,,
0:00:00,,,,,,,,,,,,,,,,,,,,,,,,,,,,,,,,,,,,,,,,,,,,,,,,,,,,,,,,,,,,,,,,,,,,,,,,,,,,,,,,,,,,,,,,,,,,,,,,,
0:00:00,,,,,,,,,,,,,,,,,,,,,,,,,,,,,,,,,,,,,,,,,,,,,,,,,,,,,,,,,,,,,,,,,,,,,,,,,,,,,,,,,,,,,,,,,,,,,,,,,
0:00:00,,,,,,,,,,,,,,,,,,,,,,,,,,,,,,,,,,,,,,,,,,,,,,,,,,,,,,,,,,,,,,,,,,,,,,,,,,,,,,,,,,,,,,,,,,,,,,,,,
0:00:00,,,,,,,,,,,,,,,,,,,,,,,,,,,,,,,,,,,,,,,,,,,,,,,,,,,,,,,,,,,,,,,,,,,,,,,,,,,,,,,,,,,,,,,,,,,,,,,,,

