0:24:10,37.1,0.038,0.040,0.041,0.040,0.044,0.043,0.044,0.053,0.045,0.046,0.047,0.047,0.038,0.040,0.040,0.039,0.042,0.041,0.047,0.043,0.044,0.045,0.044,0.063,0.037,0.040,0.039,0.040,0.042,0.042,0.043,0.045,0.045,0.045,0.044,0.048,0.038,0.040,0.039,0.039,0.041,0.040,0.043,0.042,0.046,0.049,0.047,0.044,0.711,0.043,0.042,0.040,0.044,0.042,0.042,0.042,0.043,0.044,0.044,0.044,0.694,0.042,0.043,0.042,0.041,0.044,0.044,0.045,0.044,0.045,0.043,0.043,0.725,0.043,0.042,0.041,0.041,0.041,0.042,0.043,0.043,0.044,0.043,0.045,0.735,0.043,0.042,0.041,0.040,0.040,0.044,0.045,0.044,0.045,0.044,0.046
0:49:10,37.1,0.038,0.041,0.042,0.041,0.045,0.044,0.046,0.056,0.048,0.048,0.050,0.049,0.038,0.040,0.041,0.040,0.043,0.042,0.049,0.045,0.046,0.048,0.046,0.065,0.037,0.044,0.040,0.040,0.044,0.043,0.045,0.047,0.047,0.047,0.046,0.050,0.038,0.041,0.040,0.040,0.040,0.041,0.045,0.044,0.048,0.052,0.050,0.046,0.758,0.043,0.043,0.041,0.045,0.043,0.044,0.043,0.046,0.047,0.047,0.046,0.739,0.043,0.043,0.043,0.042,0.045,0.046,0.046,0.046,0.048,0.045,0.046,0.770,0.043,0.043,0.042,0.042,0.042,0.044,0.045,0.045,0.046,0.045,0.047,0.780,0.043,0.042,0.042,0.041,0.041,0.045,0.046,0.046,0.047,0.047,0.048
1:14:10,37.1,0.038,0.042,0.043,0.042,0.047,0.046,0.048,0.059,0.051,0.051,0.053,0.052,0.038,0.042,0.041,0.041,0.044,0.043,0.051,0.047,0.049,0.051,0.049,0.068,0.037,0.043,0.041,0.041,0.045,0.044,0.047,0.049,0.049,0.050,0.049,0.052,0.038,0.042,0.040,0.041,0.042,0.042,0.047,0.046,0.050,0.055,0.054,0.049,0.809,0.043,0.043,0.041,0.046,0.044,0.046,0.045,0.048,0.049,0.049,0.048,0.783,0.044,0.043,0.043,0.043,0.045,0.047,0.049,0.048,0.051,0.048,0.048,0.818,0.044,0.043,0.042,0.043,0.043,0.045,0.046,0.048,0.049,0.048,0.049,0.826,0.044,0.043,0.042,0.041,0.042,0.047,0.048,0.048,0.049,0.049,0.051
1:39:10,37.0,0.038,0.043,0.044,0.043,0.049,0.048,0.051,0.063,0.054,0.054,0.056,0.055,0.038,0.042,0.042,0.041,0.046,0.045,0.053,0.052,0.052,0.054,0.052,0.071,0.037,0.044,0.041,0.041,0.046,0.046,0.049,0.052,0.052,0.053,0.051,0.056,0.038,0.043,0.041,0.041,0.043,0.043,0.050,0.048,0.054,0.058,0.057,0.052,0.850,0.045,0.044,0.042,0.047,0.045,0.047,0.048,0.051,0.052,0.052,0.051,0.823,0.045,0.043,0.043,0.044,0.046,0.049,0.050,0.051,0.051,0.051,0.051,0.862,0.045,0.044,0.042,0.043,0.043,0.046,0.048,0.051,0.052,0.051,0.052,0.868,0.046,0.043,0.042,0.042,0.042,0.049,0.049,0.051,0.052,0.052,0.054
2:04:10,37.0,0.038,0.044,0.045,0.044,0.051,0.051,0.055,0.067,0.058,0.058,0.060,0.059,0.038,0.044,0.043,0.042,0.047,0.047,0.057,0.055,0.056,0.059,0.055,0.075,0.037,0.046,0.042,0.042,0.048,0.047,0.052,0.055,0.056,0.057,0.055,0.059,0.038,0.045,0.041,0.041,0.043,0.043,0.052,0.050,0.058,0.058,0.060,0.055,0.875,0.046,0.044,0.042,0.048,0.045,0.049,0.050,0.055,0.056,0.056,0.054,0.857,0.047,0.044,0.044,0.045,0.047,0.051,0.053,0.054,0.055,0.054,0.054,0.885,0.047,0.044,0.042,0.044,0.044,0.048,0.050,0.053,0.056,0.054,0.056,0.899,0.047,0.043,0.042,0.042,0.043,0.050,0.051,0.054,0.056,0.055,0.058
2:29:10,37.1,0.038,0.046,0.047,0.046,0.054,0.054,0.059,0.063,0.063,0.063,0.065,0.064,0.038,0.046,0.045,0.043,0.050,0.049,0.060,0.059,0.060,0.064,0.060,0.080,0.037,0.049,0.043,0.043,0.050,0.049,0.056,0.059,0.060,0.061,0.059,0.065,0.038,0.046,0.042,0.042,0.045,0.044,0.056,0.053,0.063,0.067,0.065,0.060,0.900,0.048,0.045,0.043,0.049,0.046,0.052,0.053,0.059,0.061,0.061,0.059,0.889,0.049,0.045,0.044,0.045,0.049,0.053,0.056,0.058,0.060,0.058,0.058,0.913,0.048,0.044,0.043,0.044,0.044,0.050,0.052,0.057,0.060,0.058,0.060,0.930,0.049,0.043,0.043,0.042,0.043,0.052,0.052,0.058,0.060,0.059,0.062
2:54:10,37.1,0.038,0.049,0.049,0.049,0.058,0.058,0.066,0.070,0.070,0.070,0.072,0.070,0.038,0.048,0.045,0.043,0.052,0.051,0.065,0.063,0.066,0.071,0.065,0.086,0.037,0.048,0.044,0.044,0.052,0.051,0.060,0.064,0.066,0.068,0.065,0.070,0.038,0.049,0.042,0.042,0.046,0.046,0.061,0.056,0.071,0.073,0.070,0.066,0.928,0.050,0.046,0.043,0.051,0.048,0.055,0.057,0.065,0.067,0.067,0.064,0.909,0.051,0.046,0.045,0.047,0.049,0.057,0.060,0.064,0.067,0.064,0.064,0.942,0.051,0.045,0.043,0.045,0.045,0.052,0.055,0.062,0.066,0.064,0.065,0.943,0.051,0.044,0.043,0.043,0.044,0.054,0.055,0.063,0.066,0.065,0.067
3:19:10,37.0,0.038,0.051,0.051,0.051,0.063,0.063,0.073,0.079,0.079,0.078,0.079,0.077,0.038,0.051,0.047,0.045,0.055,0.054,0.071,0.070,0.073,0.079,0.072,0.093,0.037,0.051,0.045,0.045,0.055,0.054,0.066,0.071,0.072,0.075,0.071,0.078,0.038,0.052,0.043,0.043,0.048,0.047,0.066,0.060,0.080,0.081,0.078,0.073,0.955,0.053,0.046,0.044,0.052,0.049,0.059,0.061,0.073,0.075,0.074,0.072,0.921,0.054,0.046,0.045,0.047,0.050,0.060,0.064,0.071,0.074,0.070,0.070,0.966,0.053,0.045,0.044,0.046,0.046,0.055,0.058,0.068,0.073,0.070,0.072,0.970,0.053,0.044,0.043,0.043,0.044,0.057,0.057,0.069,0.072,0.071,0.073
3:44:10,37.0,0.038,0.054,0.054,0.055,0.069,0.069,0.083,0.090,0.090,0.089,0.089,0.087,0.038,0.054,0.049,0.046,0.059,0.057,0.079,0.078,0.084,0.089,0.082,0.102,0.037,0.055,0.046,0.046,0.058,0.057,0.072,0.078,0.083,0.086,0.081,0.087,0.038,0.056,0.043,0.044,0.049,0.048,0.073,0.066,0.084,0.089,0.088,0.082,0.968,0.057,0.047,0.044,0.054,0.051,0.064,0.067,0.082,0.084,0.084,0.081,0.934,0.058,0.047,0.046,0.048,0.053,0.065,0.069,0.081,0.082,0.079,0.080,0.974,0.057,0.046,0.044,0.047,0.047,0.058,0.062,0.077,0.081,0.078,0.080,0.982,0.057,0.045,0.044,0.044,0.045,0.059,0.060,0.077,0.080,0.080,0.081
4:09:10,37.1,0.038,0.058,0.058,0.059,0.076,0.078,0.097,0.104,0.104,0.102,0.101,0.098,0.038,0.059,0.051,0.047,0.064,0.061,0.091,0.091,0.097,0.098,0.096,0.113,0.037,0.061,0.048,0.047,0.062,0.060,0.082,0.090,0.098,0.099,0.095,0.099,0.038,0.060,0.044,0.044,0.051,0.050,0.084,0.073,0.093,0.100,0.105,0.094,0.978,0.061,0.048,0.045,0.056,0.053,0.070,0.074,0.093,0.094,0.099,0.093,0.956,0.062,0.047,0.046,0.050,0.054,0.070,0.075,0.090,0.091,0.091,0.091,0.989,0.061,0.046,0.045,0.048,0.048,0.062,0.067,0.084,0.093,0.089,0.091,0.996,0.060,0.045,0.044,0.045,0.045,0.062,0.063,0.086,0.090,0.089,0.091
4:34:10,37.0,0.038,0.063,0.063,0.065,0.086,0.087,0.115,0.123,0.123,0.121,0.117,0.114,0.038,0.064,0.053,0.049,0.070,0.067,0.108,0.107,0.124,0.110,0.114,0.129,0.037,0.065,0.050,0.049,0.067,0.064,0.096,0.105,0.114,0.112,0.113,0.114,0.038,0.067,0.045,0.045,0.054,0.052,0.095,0.081,0.106,0.115,0.123,0.110,0.981,0.067,0.049,0.046,0.059,0.055,0.079,0.082,0.107,0.109,0.117,0.108,0.957,0.068,0.048,0.047,0.051,0.055,0.077,0.083,0.104,0.108,0.112,0.107,0.992,0.066,0.047,0.045,0.049,0.049,0.067,0.072,0.096,0.109,0.105,0.107,0.999,0.065,0.046,0.045,0.045,0.046,0.066,0.067,0.098,0.104,0.103,0.105
4:59:10,37.0,0.038,0.069,0.068,0.072,0.101,0.102,0.137,0.147,0.148,0.145,0.137,0.133,0.038,0.071,0.056,0.051,0.078,0.074,0.132,0.126,0.113,0.127,0.137,0.149,0.037,0.072,0.052,0.051,0.073,0.070,0.113,0.124,0.125,0.121,0.136,0.133,0.038,0.073,0.046,0.046,0.056,0.055,0.099,0.090,0.123,0.131,0.148,0.130,0.990,0.074,0.050,0.046,0.062,0.057,0.091,0.092,0.126,0.128,0.141,0.128,0.965,0.075,0.049,0.048,0.053,0.056,0.087,0.098,0.125,0.132,0.134,0.127,1.000,0.072,0.047,0.045,0.050,0.050,0.073,0.078,0.112,0.133,0.127,0.125,1.007,0.070,0.046,0.045,0.046,0.047,0.071,0.071,0.116,0.126,0.119,0.121
5:24:10,37.0,0.038,0.077,0.076,0.083,0.117,0.120,0.168,0.180,0.180,0.177,0.163,0.158,0.038,0.079,0.060,0.054,0.088,0.083,0.139,0.141,0.127,0.162,0.168,0.175,0.037,0.082,0.054,0.054,0.080,0.078,0.130,0.141,0.132,0.140,0.167,0.158,0.038,0.083,0.047,0.047,0.060,0.057,0.111,0.103,0.144,0.156,0.181,0.157,0.992,0.084,0.051,0.047,0.066,0.060,0.101,0.105,0.151,0.154,0.171,0.154,0.968,0.085,0.050,0.048,0.054,0.058,0.095,0.112,0.157,0.168,0.164,0.153,1.004,0.079,0.048,0.046,0.051,0.051,0.079,0.085,0.141,0.172,0.154,0.150,1.008,0.078,0.046,0.046,0.047,0.048,0.076,0.077,0.153,0.154,0.142,0.144
5:49:10,37.1,0.038,0.087,0.086,0.095,0.141,0.143,0.208,0.223,0.221,0.217,0.199,0.191,0.038,0.090,0.065,0.057,0.100,0.096,0.142,0.136,0.154,0.201,0.208,0.208,0.037,0.093,0.058,0.057,0.091,0.091,0.159,0.159,0.161,0.176,0.205,0.190,0.038,0.096,0.048,0.048,0.064,0.060,0.143,0.119,0.194,0.227,0.224,0.190,0.998,0.098,0.052,0.048,0.070,0.063,0.114,0.124,0.224,0.185,0.211,0.187,0.976,0.097,0.050,0.049,0.057,0.062,0.108,0.134,0.220,0.227,0.202,0.186,1.008,0.093,0.049,0.047,0.052,0.052,0.087,0.094,0.195,0.207,0.188,0.181,1.014,0.087,0.047,0.046,0.048,0.049,0.082,0.084,0.189,0.188,0.169,0.173
6:14:10,37.0,0.038,0.102,0.100,0.110,0.172,0.173,0.256,0.273,0.271,0.267,0.243,0.234,0.038,0.104,0.070,0.062,0.115,0.112,0.165,0.159,0.187,0.273,0.257,0.251,0.037,0.108,0.061,0.061,0.109,0.106,0.188,0.201,0.195,0.217,0.254,0.231,0.038,0.111,0.049,0.049,0.067,0.065,0.150,0.141,0.265,0.286,0.276,0.233,0.999,0.111,0.053,0.049,0.074,0.067,0.127,0.151,0.273,0.268,0.260,0.229,0.976,0.111,0.051,0.050,0.059,0.064,0.122,0.160,0.277,0.281,0.249,0.228,1.009,0.104,0.050,0.047,0.054,0.054,0.097,0.108,0.244,0.255,0.231,0.222,1.014,0.099,0.048,0.047,0.049,0.049,0.088,0.091,0.232,0.228,0.206,0.209
6:39:10,37.0,0.038,0.117,0.117,0.129,0.213,0.215,0.310,0.328,0.328,0.324,0.297,0.284,0.038,0.122,0.077,0.067,0.136,0.128,0.203,0.194,0.275,0.336,0.312,0.302,0.037,0.127,0.067,0.066,0.133,0.119,0.231,0.171,0.276,0.300,0.309,0.280,0.038,0.131,0.051,0.051,0.071,0.074,0.178,0.185,0.325,0.354,0.335,0.286,1.003,0.130,0.055,0.051,0.077,0.078,0.143,0.212,0.336,0.333,0.317,0.280,0.982,0.129,0.052,0.051,0.062,0.067,0.141,0.193,0.337,0.341,0.303,0.279,1.012,0.119,0.051,0.048,0.055,0.056,0.107,0.130,0.302,0.309,0.282,0.271,1.018,0.113,0.048,0.047,0.050,0.051,0.096,0.101,0.282,0.278,0.250,0.255
7:04:10,37.0,0.038,0.139,0.140,0.160,0.260,0.262,0.368,0.387,0.388,0.385,0.354,0.341,0.038,0.154,0.086,0.074,0.168,0.162,0.290,0.287,0.343,0.397,0.369,0.356,0.037,0.150,0.074,0.073,0.129,0.126,0.238,0.197,0.349,0.360,0.366,0.334,0.038,0.155,0.052,0.052,0.076,0.076,0.257,0.247,0.387,0.418,0.395,0.342,1.003,0.153,0.057,0.052,0.082,0.079,0.220,0.259,0.402,0.397,0.375,0.335,0.982,0.160,0.053,0.052,0.066,0.070,0.165,0.236,0.400,0.403,0.360,0.335,1.012,0.145,0.051,0.048,0.057,0.058,0.119,0.172,0.361,0.368,0.337,0.326,1.018,0.134,0.049,0.048,0.051,0.051,0.105,0.112,0.338,0.333,0.300,0.305
7:29:10,37.1,0.038,0.172,0.171,0.201,0.313,0.315,0.426,0.445,0.449,0.445,0.413,0.400,0.038,0.190,0.098,0.086,0.172,0.148,0.343,0.343,0.404,0.454,0.427,0.414,0.037,0.178,0.082,0.081,0.135,0.153,0.194,0.241,0.411,0.423,0.424,0.391,0.038,0.196,0.054,0.054,0.081,0.083,0.312,0.300,0.449,0.477,0.454,0.401,1.004,0.179,0.058,0.054,0.089,0.085,0.258,0.312,0.461,0.456,0.433,0.393,0.985,0.179,0.054,0.053,0.070,0.073,0.234,0.286,0.459,0.462,0.417,0.392,1.011,0.195,0.052,0.049,0.059,0.060,0.139,0.206,0.419,0.427,0.392,0.382,1.018,0.158,0.049,0.048,0.052,0.052,0.116,0.122,0.396,0.392,0.353,0.359
7:54:10,37.0,0.038,0.209,0.211,0.250,0.372,0.376,0.481,0.498,0.503,0.502,0.468,0.456,0.038,0.234,0.113,0.106,0.157,0.157,0.401,0.402,0.464,0.508,0.482,0.470,0.037,0.241,0.096,0.093,0.183,0.175,0.229,0.351,0.467,0.477,0.478,0.446,0.038,0.258,0.057,0.056,0.091,0.092,0.372,0.364,0.505,0.529,0.511,0.457,1.002,0.208,0.061,0.056,0.104,0.095,0.304,0.368,0.515,0.514,0.490,0.449,0.987,0.232,0.056,0.054,0.074,0.078,0.281,0.340,0.515,0.517,0.473,0.448,1.011,0.226,0.053,0.050,0.062,0.062,0.172,0.251,0.475,0.481,0.447,0.439,1.022,0.196,0.050,0.049,0.053,0.054,0.124,0.139,0.453,0.449,0.410,0.414
8:19:10,37.1,0.038,0.252,0.255,0.298,0.433,0.436,0.530,0.546,0.551,0.550,0.520,0.508,0.038,0.282,0.130,0.128,0.176,0.186,0.453,0.456,0.509,0.553,0.531,0.519,0.037,0.298,0.107,0.105,0.233,0.205,0.275,0.418,0.513,0.524,0.527,0.496,0.038,0.309,0.059,0.058,0.104,0.104,0.427,0.418,0.550,0.572,0.560,0.507,1.001,0.274,0.063,0.057,0.107,0.106,0.356,0.420,0.556,0.554,0.544,0.501,0.984,0.289,0.057,0.056,0.081,0.083,0.336,0.394,0.555,0.558,0.523,0.500,1.008,0.274,0.053,0.051,0.065,0.065,0.231,0.293,0.519,0.522,0.500,0.495,1.020,0.223,0.050,0.049,0.054,0.055,0.179,0.189,0.499,0.503,0.463,0.466
8:44:10,37.0,0.038,0.300,0.306,0.353,0.488,0.491,0.574,0.588,0.594,0.594,0.564,0.552,0.038,0.338,0.151,0.150,0.213,0.254,0.498,0.501,0.551,0.592,0.576,0.564,0.037,0.355,0.116,0.117,0.178,0.170,0.419,0.467,0.557,0.570,0.572,0.541,0.038,0.366,0.062,0.061,0.120,0.122,0.475,0.468,0.592,0.611,0.603,0.548,1.002,0.337,0.065,0.060,0.123,0.124,0.413,0.467,0.597,0.595,0.587,0.542,0.984,0.348,0.059,0.057,0.087,0.089,0.390,0.445,0.595,0.600,0.565,0.540,1.010,0.326,0.054,0.051,0.067,0.068,0.272,0.343,0.557,0.560,0.540,0.531,1.022,0.262,0.051,0.050,0.056,0.056,0.205,0.223,0.528,0.534,0.504,0.502
9:09:10,37.1,0.038,0.355,0.364,0.411,0.536,0.541,0.610,0.626,0.631,0.632,0.606,0.595,0.038,0.396,0.200,0.126,0.280,0.338,0.541,0.544,0.592,0.627,0.615,0.606,0.037,0.412,0.135,0.128,0.181,0.217,0.472,0.512,0.598,0.607,0.610,0.581,0.038,0.423,0.066,0.065,0.144,0.178,0.518,0.511,0.628,0.649,0.639,0.587,1.001,0.397,0.068,0.064,0.149,0.156,0.462,0.508,0.631,0.632,0.626,0.588,0.983,0.406,0.061,0.059,0.097,0.096,0.443,0.492,0.629,0.635,0.603,0.584,1.008,0.383,0.056,0.052,0.071,0.071,0.322,0.391,0.594,0.597,0.579,0.575,1.022,0.311,0.052,0.051,0.058,0.058,0.242,0.263,0.565,0.570,0.537,0.536
9:34:10,37.1,0.038,0.411,0.421,0.464,0.578,0.582,0.642,0.654,0.662,0.664,0.638,0.628,0.038,0.453,0.151,0.145,0.347,0.392,0.580,0.584,0.628,0.661,0.646,0.639,0.037,0.469,0.158,0.144,0.221,0.198,0.516,0.555,0.636,0.642,0.642,0.615,0.038,0.476,0.070,0.070,0.201,0.217,0.556,0.550,0.661,0.681,0.671,0.620,1.003,0.454,0.072,0.068,0.184,0.185,0.504,0.547,0.665,0.663,0.657,0.620,0.987,0.466,0.063,0.061,0.107,0.110,0.485,0.532,0.662,0.668,0.637,0.619,1.010,0.436,0.057,0.054,0.076,0.076,0.373,0.437,0.627,0.628,0.613,0.604,1.022,0.365,0.052,0.051,0.059,0.060,0.283,0.304,0.596,0.605,0.570,0.574
9:59:10,37.0,0.038,0.460,0.473,0.513,0.614,0.626,0.669,0.676,0.687,0.689,0.663,0.651,0.038,0.504,0.177,0.178,0.421,0.436,0.614,0.619,0.661,0.690,0.680,0.670,0.037,0.520,0.152,0.179,0.327,0.278,0.559,0.590,0.666,0.671,0.675,0.644,0.038,0.528,0.075,0.076,0.239,0.260,0.590,0.588,0.692,0.713,0.703,0.647,1.003,0.508,0.077,0.072,0.227,0.221,0.544,0.581,0.695,0.695,0.687,0.645,0.987,0.523,0.065,0.063,0.121,0.136,0.523,0.567,0.689,0.696,0.664,0.653,1.010,0.489,0.058,0.055,0.081,0.090,0.420,0.475,0.654,0.656,0.641,0.636,1.023,0.417,0.053,0.052,0.061,0.062,0.328,0.349,0.630,0.633,0.602,0.599
10:24:10,37.1,0.038,0.507,0.520,0.556,0.644,0.649,0.688,0.698,0.707,0.710,0.687,0.678,0.038,0.553,0.223,0.227,0.466,0.480,0.647,0.653,0.692,0.710,0.704,0.690,0.037,0.567,0.138,0.214,0.392,0.398,0.597,0.623,0.700,0.703,0.699,0.668,0.038,0.570,0.084,0.085,0.283,0.310,0.625,0.623,0.714,0.731,0.728,0.670,1.004,0.553,0.083,0.081,0.261,0.263,0.580,0.615,0.725,0.723,0.714,0.670,0.989,0.568,0.068,0.067,0.137,0.157,0.560,0.601,0.717,0.723,0.691,0.684,1.010,0.536,0.060,0.056,0.089,0.101,0.459,0.511,0.684,0.683,0.666,0.656,1.022,0.469,0.054,0.053,0.064,0.064,0.372,0.393,0.651,0.662,0.624,0.622
10:49:10,37.0,0.038,0.547,0.560,0.600,0.674,0.673,0.707,0.716,0.728,0.730,0.712,0.701,0.038,0.588,0.284,0.284,0.507,0.522,0.677,0.684,0.719,0.729,0.722,0.713,0.037,0.607,0.149,0.182,0.431,0.445,0.629,0.655,0.725,0.725,0.718,0.689,0.038,0.608,0.096,0.095,0.334,0.359,0.659,0.653,0.738,0.753,0.745,0.695,1.004,0.590,0.091,0.088,0.306,0.310,0.616,0.646,0.746,0.749,0.731,0.690,0.989,0.602,0.071,0.070,0.157,0.182,0.593,0.634,0.733,0.738,0.709,0.711,1.011,0.574,0.062,0.058,0.110,0.113,0.495,0.543,0.704,0.702,0.689,0.678,1.023,0.508,0.055,0.053,0.067,0.068,0.413,0.435,0.673,0.680,0.648,0.643
11:14:10,37.0,0.038,0.581,0.596,0.630,0.693,0.697,0.722,0.733,0.745,0.749,0.730,0.722,0.038,0.621,0.348,0.341,0.546,0.563,0.701,0.709,0.732,0.750,0.738,0.732,0.037,0.635,0.166,0.168,0.471,0.486,0.657,0.681,0.747,0.744,0.734,0.709,0.038,0.637,0.112,0.114,0.385,0.410,0.684,0.684,0.757,0.775,0.760,0.713,1.004,0.620,0.099,0.097,0.352,0.360,0.647,0.671,0.757,0.759,0.748,0.712,0.989,0.633,0.075,0.074,0.182,0.211,0.625,0.664,0.750,0.755,0.728,0.738,1.012,0.607,0.064,0.059,0.122,0.126,0.530,0.576,0.721,0.721,0.708,0.700,1.023,0.545,0.056,0.054,0.071,0.072,0.446,0.465,0.691,0.703,0.667,0.663
11:39:10,37.1,0.038,0.612,0.628,0.657,0.714,0.718,0.735,0.744,0.760,0.763,0.747,0.738,0.038,0.648,0.399,0.401,0.580,0.600,0.716,0.721,0.748,0.763,0.753,0.749,0.036,0.664,0.206,0.206,0.508,0.528,0.684,0.705,0.755,0.757,0.749,0.726,0.038,0.667,0.127,0.122,0.433,0.456,0.707,0.708,0.772,0.788,0.777,0.731,1.004,0.646,0.110,0.108,0.397,0.409,0.674,0.696,0.771,0.774,0.763,0.727,0.989,0.657,0.079,0.079,0.213,0.247,0.654,0.688,0.763,0.771,0.743,0.763,1.013,0.635,0.066,0.061,0.137,0.142,0.564,0.606,0.736,0.736,0.725,0.717,1.028,0.575,0.057,0.055,0.075,0.078,0.476,0.496,0.710,0.718,0.686,0.680
12:04:10,37.0,0.038,0.644,0.651,0.671,0.729,0.734,0.745,0.755,0.774,0.778,0.761,0.755,0.038,0.677,0.450,0.441,0.613,0.635,0.727,0.734,0.761,0.778,0.767,0.764,0.037,0.690,0.276,0.281,0.542,0.568,0.704,0.726,0.768,0.772,0.763,0.742,0.038,0.693,0.146,0.141,0.475,0.493,0.727,0.720,0.787,0.802,0.789,0.745,1.006,0.671,0.122,0.121,0.436,0.453,0.701,0.708,0.783,0.787,0.778,0.746,0.992,0.685,0.084,0.085,0.250,0.289,0.679,0.707,0.776,0.783,0.758,0.784,1.012,0.662,0.068,0.065,0.153,0.159,0.593,0.633,0.751,0.750,0.739,0.732,1.031,0.603,0.058,0.056,0.086,0.086,0.506,0.525,0.722,0.735,0.701,0.694
12:29:10,37.0,0.038,0.655,0.673,0.694,0.746,0.749,0.755,0.763,0.783,0.787,0.774,0.766,0.038,0.695,0.484,0.482,0.647,0.665,0.739,0.747,0.774,0.790,0.778,0.776,0.037,0.712,0.349,0.371,0.574,0.607,0.724,0.738,0.782,0.786,0.773,0.753,0.038,0.717,0.169,0.163,0.510,0.530,0.742,0.734,0.798,0.813,0.801,0.758,1.007,0.693,0.138,0.138,0.471,0.491,0.719,0.718,0.795,0.799,0.789,0.754,0.994,0.706,0.090,0.091,0.293,0.336,0.703,0.720,0.788,0.795,0.770,0.805,1.014,0.689,0.071,0.068,0.172,0.180,0.621,0.659,0.762,0.761,0.751,0.745,1.032,0.628,0.059,0.058,0.092,0.092,0.534,0.554,0.736,0.747,0.715,0.707
12:54:10,37.0,0.038,0.676,0.692,0.709,0.757,0.760,0.762,0.770,0.793,0.797,0.784,0.777,0.038,0.715,0.520,0.520,0.675,0.692,0.750,0.759,0.785,0.799,0.789,0.788,0.037,0.730,0.420,0.428,0.604,0.637,0.739,0.748,0.790,0.795,0.784,0.765,0.038,0.731,0.199,0.190,0.546,0.565,0.748,0.747,0.808,0.823,0.810,0.767,1.007,0.710,0.157,0.158,0.501,0.524,0.727,0.730,0.805,0.809,0.799,0.766,0.997,0.727,0.097,0.098,0.340,0.381,0.720,0.736,0.797,0.803,0.779,0.825,1.015,0.704,0.075,0.071,0.196,0.209,0.647,0.673,0.772,0.771,0.762,0.756,1.032,0.651,0.061,0.059,0.097,0.099,0.561,0.582,0.745,0.759,0.726,0.718
13:19:10,37.1,0.038,0.694,0.710,0.726,0.769,0.772,0.768,0.775,0.800,0.805,0.792,0.785,0.038,0.730,0.556,0.554,0.696,0.704,0.759,0.768,0.793,0.807,0.797,0.795,0.037,0.746,0.463,0.472,0.631,0.661,0.753,0.757,0.800,0.805,0.793,0.772,0.038,0.747,0.231,0.223,0.580,0.597,0.760,0.758,0.817,0.831,0.818,0.775,1.010,0.728,0.180,0.182,0.532,0.557,0.739,0.740,0.814,0.818,0.808,0.773,0.998,0.743,0.106,0.108,0.389,0.425,0.729,0.747,0.805,0.812,0.789,0.842,1.016,0.721,0.079,0.074,0.226,0.234,0.668,0.690,0.781,0.778,0.771,0.765,1.033,0.670,0.062,0.060,0.106,0.109,0.588,0.607,0.755,0.766,0.736,0.726
13:44:10,37.1,0.038,0.707,0.723,0.737,0.777,0.780,0.773,0.780,0.806,0.811,0.799,0.793,0.038,0.745,0.588,0.585,0.716,0.719,0.767,0.775,0.801,0.814,0.804,0.803,0.036,0.759,0.501,0.510,0.649,0.684,0.765,0.764,0.808,0.816,0.800,0.781,0.038,0.759,0.272,0.262,0.614,0.630,0.769,0.768,0.824,0.839,0.825,0.784,1.015,0.740,0.208,0.212,0.563,0.587,0.750,0.749,0.820,0.825,0.814,0.781,1.000,0.758,0.115,0.117,0.435,0.465,0.742,0.758,0.812,0.818,0.794,0.857,1.018,0.735,0.082,0.078,0.260,0.269,0.684,0.702,0.787,0.786,0.779,0.773,1.034,0.687,0.064,0.062,0.113,0.115,0.609,0.629,0.760,0.775,0.743,0.734
14:09:10,37.0,0.038,0.720,0.736,0.750,0.784,0.788,0.777,0.785,0.812,0.817,0.804,0.799,0.038,0.757,0.619,0.615,0.729,0.734,0.773,0.782,0.808,0.821,0.811,0.809,0.037,0.770,0.537,0.547,0.670,0.708,0.772,0.773,0.814,0.820,0.807,0.786,0.038,0.771,0.316,0.306,0.642,0.659,0.778,0.776,0.831,0.846,0.831,0.789,1.018,0.753,0.241,0.247,0.592,0.619,0.760,0.758,0.827,0.831,0.820,0.787,1.001,0.768,0.127,0.130,0.476,0.509,0.751,0.766,0.818,0.824,0.801,0.871,1.020,0.747,0.086,0.082,0.299,0.310,0.697,0.716,0.794,0.791,0.784,0.779,1.034,0.701,0.065,0.063,0.121,0.122,0.627,0.645,0.769,0.780,0.751,0.740
14:34:10,37.0,0.038,0.730,0.745,0.758,0.791,0.795,0.780,0.787,0.816,0.821,0.810,0.804,0.038,0.767,0.645,0.638,0.736,0.744,0.778,0.787,0.814,0.826,0.816,0.815,0.036,0.781,0.570,0.579,0.685,0.727,0.766,0.781,0.820,0.826,0.812,0.792,0.037,0.780,0.359,0.353,0.669,0.683,0.783,0.783,0.836,0.851,0.836,0.795,1.021,0.762,0.281,0.288,0.617,0.641,0.768,0.764,0.832,0.836,0.824,0.792,1.005,0.775,0.141,0.148,0.513,0.540,0.760,0.774,0.822,0.829,0.806,0.885,1.022,0.758,0.090,0.086,0.341,0.362,0.710,0.725,0.799,0.796,0.790,0.785,1.034,0.714,0.066,0.064,0.131,0.133,0.642,0.661,0.771,0.786,0.756,0.745
14:59:10,37.0,0.038,0.739,0.755,0.767,0.796,0.800,0.784,0.791,0.821,0.826,0.815,0.809,0.038,0.777,0.664,0.666,0.744,0.756,0.783,0.793,0.819,0.831,0.822,0.820,0.037,0.788,0.599,0.611,0.699,0.733,0.769,0.788,0.825,0.831,0.817,0.797,0.038,0.788,0.406,0.401,0.694,0.705,0.786,0.789,0.840,0.856,0.840,0.799,1.022,0.771,0.323,0.333,0.642,0.660,0.775,0.769,0.837,0.841,0.828,0.797,1.007,0.784,0.159,0.168,0.547,0.559,0.768,0.781,0.827,0.834,0.809,0.897,1.024,0.767,0.095,0.091,0.382,0.392,0.720,0.734,0.804,0.801,0.794,0.790,1.034,0.726,0.068,0.066,0.144,0.145,0.657,0.674,0.777,0.789,0.761,0.748
15:24:10,37.0,0.038,0.746,0.763,0.774,0.800,0.806,0.786,0.793,0.824,0.830,0.819,0.813,0.038,0.783,0.686,0.688,0.754,0.763,0.787,0.796,0.823,0.834,0.826,0.823,0.036,0.796,0.626,0.643,0.709,0.741,0.776,0.792,0.829,0.835,0.821,0.800,0.038,0.795,0.447,0.442,0.707,0.712,0.797,0.794,0.844,0.860,0.845,0.803,1.024,0.780,0.367,0.378,0.658,0.680,0.782,0.774,0.840,0.844,0.832,0.800,1.009,0.789,0.179,0.190,0.581,0.587,0.775,0.785,0.830,0.836,0.813,0.908,1.026,0.775,0.101,0.098,0.421,0.431,0.729,0.740,0.807,0.805,0.798,0.793,1.034,0.734,0.070,0.067,0.159,0.161,0.668,0.686,0.780,0.794,0.764,0.752
15:49:10,37.1,0.038,0.752,0.769,0.779,0.805,0.809,0.788,0.796,0.827,0.832,0.822,0.817,0.038,0.789,0.702,0.709,0.757,0.771,0.790,0.799,0.826,0.838,0.830,0.827,0.036,0.803,0.648,0.672,0.712,0.749,0.781,0.798,0.832,0.838,0.825,0.804,0.037,0.801,0.479,0.479,0.718,0.725,0.796,0.799,0.847,0.864,0.848,0.806,1.025,0.786,0.411,0.420,0.669,0.700,0.787,0.779,0.842,0.848,0.835,0.804,1.012,0.796,0.203,0.213,0.614,0.616,0.780,0.791,0.833,0.840,0.817,0.918,1.030,0.781,0.108,0.105,0.454,0.466,0.738,0.747,0.812,0.808,0.802,0.796,1.034,0.742,0.072,0.069,0.177,0.178,0.679,0.694,0.784,0.795,0.768,0.754
16:14:10,37.0,0.038,0.758,0.774,0.786,0.808,0.813,0.789,0.797,0.830,0.835,0.824,0.819,0.038,0.795,0.718,0.719,0.770,0.778,0.793,0.802,0.829,0.840,0.832,0.829,0.036,0.807,0.672,0.690,0.721,0.759,0.787,0.801,0.836,0.842,0.828,0.806,0.038,0.806,0.509,0.511,0.731,0.738,0.803,0.802,0.849,0.866,0.850,0.808,1.027,0.791,0.450,0.457,0.682,0.716,0.792,0.784,0.844,0.850,0.837,0.806,1.013,0.801,0.230,0.242,0.643,0.642,0.786,0.794,0.835,0.842,0.819,0.927,1.033,0.786,0.116,0.113,0.487,0.497,0.744,0.752,0.815,0.811,0.805,0.799,1.031,0.748,0.073,0.071,0.198,0.200,0.688,0.704,0.787,0.799,0.771,0.757
16:39:10,37.0,0.038,0.763,0.778,0.790,0.811,0.815,0.791,0.799,0.832,0.837,0.826,0.822,0.038,0.799,0.728,0.729,0.769,0.783,0.795,0.804,0.832,0.843,0.834,0.832,0.037,0.812,0.697,0.706,0.731,0.767,0.791,0.802,0.839,0.843,0.830,0.809,0.038,0.811,0.537,0.542,0.742,0.748,0.798,0.805,0.852,0.869,0.852,0.811,1.035,0.796,0.494,0.487,0.692,0.729,0.794,0.786,0.845,0.852,0.838,0.808,1.019,0.806,0.263,0.280,0.670,0.665,0.790,0.798,0.836,0.844,0.822,0.935,1.038,0.791,0.126,0.123,0.516,0.526,0.751,0.757,0.818,0.814,0.807,0.802,1.031,0.754,0.074,0.072,0.223,0.226,0.696,0.710,0.789,0.801,0.773,0.757
17:04:10,37.1,0.038,0.768,0.783,0.794,0.813,0.818,0.792,0.799,0.832,0.838,0.829,0.824,0.038,0.803,0.737,0.735,0.778,0.787,0.797,0.806,0.834,0.844,0.836,0.833,0.037,0.815,0.711,0.725,0.736,0.772,0.792,0.804,0.840,0.845,0.832,0.810,0.038,0.814,0.570,0.572,0.753,0.756,0.804,0.808,0.854,0.870,0.853,0.813,1.036,0.800,0.522,0.519,0.704,0.738,0.797,0.789,0.847,0.854,0.841,0.810,1.020,0.810,0.300,0.322,0.692,0.681,0.795,0.801,0.839,0.846,0.824,0.942,1.043,0.796,0.138,0.134,0.543,0.553,0.756,0.762,0.820,0.816,0.809,0.804,1.037,0.758,0.076,0.074,0.251,0.254,0.702,0.718,0.791,0.803,0.775,0.757
17:29:10,37.0,0.038,0.771,0.786,0.797,0.815,0.820,0.793,0.801,0.833,0.839,0.830,0.825,0.038,0.807,0.745,0.745,0.783,0.791,0.799,0.807,0.835,0.845,0.838,0.834,0.036,0.819,0.723,0.737,0.740,0.779,0.793,0.806,0.842,0.847,0.834,0.812,0.038,0.817,0.600,0.601,0.761,0.765,0.803,0.810,0.854,0.870,0.855,0.814,1.037,0.803,0.549,0.548,0.713,0.749,0.799,0.790,0.849,0.855,0.842,0.811,1.025,0.813,0.340,0.363,0.715,0.698,0.796,0.803,0.840,0.847,0.826,0.948,1.044,0.798,0.151,0.148,0.569,0.578,0.760,0.766,0.821,0.817,0.810,0.805,1.034,0.764,0.078,0.076,0.281,0.285,0.709,0.723,0.792,0.805,0.775,0.757
17:54:10,37.1,0.038,0.774,0.789,0.799,0.817,0.821,0.793,0.801,0.834,0.840,0.831,0.826,0.038,0.810,0.749,0.752,0.785,0.794,0.801,0.809,0.837,0.846,0.839,0.835,0.037,0.821,0.731,0.745,0.746,0.784,0.796,0.810,0.844,0.848,0.835,0.812,0.038,0.820,0.622,0.628,0.768,0.771,0.804,0.812,0.855,0.871,0.856,0.815,1.038,0.806,0.579,0.575,0.720,0.757,0.802,0.791,0.850,0.856,0.842,0.812,1.024,0.817,0.382,0.404,0.733,0.710,0.799,0.807,0.841,0.849,0.826,0.952,1.043,0.802,0.167,0.164,0.590,0.602,0.765,0.769,0.823,0.818,0.811,0.806,1.031,0.767,0.080,0.078,0.314,0.318,0.713,0.728,0.793,0.805,0.776,0.758
18:19:10,37.0,0.038,0.776,0.792,0.802,0.818,0.822,0.794,0.802,0.834,0.840,0.831,0.827,0.038,0.812,0.756,0.758,0.787,0.797,0.802,0.809,0.838,0.845,0.840,0.836,0.037,0.823,0.740,0.752,0.749,0.789,0.799,0.810,0.844,0.850,0.835,0.813,0.038,0.822,0.649,0.654,0.775,0.777,0.804,0.814,0.855,0.872,0.856,0.815,1.039,0.808,0.606,0.603,0.729,0.763,0.804,0.793,0.850,0.856,0.842,0.813,1.025,0.820,0.427,0.441,0.753,0.720,0.800,0.809,0.842,0.849,0.828,0.956,1.043,0.805,0.185,0.183,0.613,0.623,0.768,0.773,0.824,0.819,0.812,0.807,1.027,0.771,0.083,0.081,0.348,0.352,0.718,0.731,0.795,0.807,0.776,0.757
18:44:10,37.0,0.038,0.778,0.794,0.803,0.818,0.823,0.794,0.802,0.834,0.841,0.832,0.828,0.038,0.814,0.758,0.760,0.790,0.799,0.803,0.810,0.839,0.846,0.840,0.836,0.036,0.825,0.742,0.756,0.752,0.791,0.798,0.810,0.846,0.851,0.836,0.813,0.038,0.824,0.658,0.676,0.781,0.784,0.805,0.816,0.855,0.872,0.857,0.815,1.042,0.810,0.630,0.625,0.734,0.769,0.805,0.794,0.850,0.857,0.843,0.813,1.026,0.822,0.460,0.469,0.767,0.732,0.803,0.811,0.842,0.850,0.828,0.959,1.044,0.807,0.206,0.205,0.631,0.642,0.772,0.776,0.825,0.820,0.813,0.808,1.025,0.774,0.086,0.084,0.382,0.386,0.722,0.734,0.795,0.807,0.776,0.757
19:09:10,37.0,0.038,0.779,0.795,0.804,0.819,0.823,0.795,0.802,0.834,0.840,0.832,0.828,0.038,0.816,0.764,0.769,0.792,0.801,0.805,0.813,0.840,0.846,0.840,0.836,0.037,0.826,0.753,0.759,0.754,0.792,0.799,0.811,0.846,0.851,0.836,0.813,0.038,0.825,0.673,0.685,0.787,0.788,0.806,0.817,0.856,0.872,0.856,0.816,1.045,0.812,0.640,0.645,0.740,0.774,0.806,0.797,0.851,0.857,0.843,0.814,1.028,0.824,0.493,0.499,0.782,0.739,0.805,0.814,0.843,0.851,0.829,0.961,1.045,0.809,0.232,0.230,0.648,0.658,0.775,0.778,0.825,0.820,0.813,0.808,1.023,0.775,0.089,0.088,0.414,0.417,0.725,0.736,0.797,0.806,0.775,0.755
19:34:10,37.1,0.038,0.780,0.796,0.804,0.819,0.823,0.795,0.803,0.834,0.840,0.831,0.828,0.038,0.817,0.766,0.772,0.793,0.802,0.805,0.813,0.840,0.846,0.841,0.836,0.036,0.827,0.752,0.764,0.756,0.794,0.799,0.812,0.847,0.852,0.836,0.813,0.038,0.826,0.688,0.701,0.792,0.793,0.807,0.818,0.856,0.872,0.856,0.816,1.046,0.813,0.662,0.660,0.746,0.779,0.807,0.798,0.851,0.858,0.843,0.814,1.029,0.824,0.521,0.526,0.795,0.749,0.807,0.815,0.843,0.851,0.829,0.963,1.047,0.810,0.261,0.260,0.664,0.675,0.778,0.781,0.825,0.820,0.813,0.806,1.021,0.777,0.093,0.091,0.444,0.447,0.726,0.739,0.795,0.806,0.774,0.755
19:59:10,37.0,0.038,0.781,0.796,0.805,0.819,0.823,0.796,0.804,0.833,0.839,0.832,0.827,0.038,0.817,0.770,0.775,0.795,0.803,0.806,0.814,0.841,0.845,0.840,0.836,0.036,0.828,0.757,0.766,0.757,0.796,0.800,0.812,0.848,0.852,0.836,0.813,0.038,0.826,0.700,0.712,0.797,0.796,0.807,0.819,0.856,0.872,0.856,0.816,1.046,0.814,0.675,0.674,0.749,0.785,0.808,0.799,0.850,0.857,0.843,0.813,1.029,0.826,0.548,0.552,0.805,0.756,0.809,0.818,0.843,0.851,0.828,0.965,1.048,0.811,0.293,0.291,0.675,0.687,0.781,0.783,0.826,0.820,0.813,0.806,1.021,0.779,0.099,0.096,0.472,0.475,0.729,0.741,0.794,0.805,0.773,0.753
20:24:10,37.1,0.038,0.782,0.797,0.805,0.819,0.823,0.796,0.804,0.833,0.839,0.831,0.827,0.038,0.818,0.773,0.778,0.796,0.804,0.807,0.816,0.841,0.845,0.840,0.835,0.036,0.828,0.763,0.769,0.759,0.795,0.797,0.811,0.848,0.852,0.835,0.813,0.038,0.826,0.710,0.725,0.800,0.799,0.807,0.820,0.857,0.871,0.856,0.816,1.046,0.815,0.689,0.686,0.755,0.788,0.810,0.800,0.850,0.857,0.843,0.814,1.029,0.826,0.558,0.575,0.816,0.761,0.809,0.819,0.843,0.852,0.828,0.967,1.049,0.811,0.327,0.326,0.689,0.699,0.783,0.786,0.826,0.820,0.813,0.805,1.020,0.780,0.104,0.103,0.498,0.499,0.731,0.743,0.794,0.805,0.773,0.752
20:49:10,37.1,0.038,0.782,0.797,0.805,0.818,0.823,0.796,0.804,0.833,0.839,0.832,0.827,0.038,0.818,0.775,0.780,0.797,0.805,0.808,0.816,0.841,0.844,0.839,0.835,0.036,0.828,0.759,0.769,0.760,0.794,0.794,0.809,0.848,0.852,0.835,0.812,0.038,0.826,0.720,0.735,0.803,0.803,0.808,0.821,0.856,0.871,0.855,0.815,1.046,0.815,0.700,0.699,0.758,0.791,0.810,0.801,0.850,0.857,0.843,0.813,1.029,0.827,0.581,0.601,0.823,0.767,0.812,0.821,0.843,0.852,0.828,0.969,1.048,0.813,0.361,0.362,0.698,0.710,0.787,0.788,0.825,0.819,0.813,0.804,1.020,0.781,0.112,0.110,0.520,0.522,0.733,0.746,0.793,0.804,0.772,0.751
21:14:10,37.1,0.038,0.783,0.796,0.805,0.818,0.822,0.796,0.804,0.832,0.838,0.831,0.826,0.038,0.818,0.777,0.782,0.796,0.806,0.809,0.817,0.842,0.844,0.839,0.835,0.036,0.828,0.761,0.770,0.759,0.794,0.792,0.808,0.848,0.852,0.834,0.812,0.038,0.826,0.727,0.742,0.806,0.805,0.808,0.821,0.856,0.870,0.855,0.816,1.045,0.815,0.714,0.709,0.761,0.794,0.811,0.803,0.850,0.856,0.842,0.814,1.028,0.827,0.608,0.619,0.832,0.771,0.813,0.823,0.844,0.852,0.828,0.970,1.047,0.812,0.396,0.397,0.708,0.719,0.788,0.790,0.825,0.820,0.812,0.803,1.018,0.782,0.119,0.117,0.541,0.543,0.736,0.747,0.793,0.804,0.771,0.750
21:39:10,37.0,0.038,0.783,0.797,0.804,0.818,0.822,0.797,0.805,0.833,0.839,0.831,0.827,0.038,0.818,0.780,0.784,0.797,0.807,0.811,0.818,0.841,0.844,0.839,0.835,0.036,0.828,0.761,0.773,0.762,0.796,0.793,0.810,0.848,0.852,0.834,0.813,0.037,0.826,0.735,0.751,0.808,0.807,0.809,0.823,0.856,0.870,0.854,0.815,1.045,0.816,0.723,0.718,0.765,0.796,0.813,0.803,0.850,0.856,0.843,0.813,1.026,0.827,0.623,0.636,0.839,0.776,0.815,0.825,0.844,0.852,0.827,0.969,1.046,0.812,0.429,0.431,0.716,0.728,0.790,0.791,0.825,0.819,0.812,0.803,1.016,0.783,0.127,0.125,0.561,0.563,0.738,0.749,0.792,0.803,0.770,0.749
22:04:10,37.0,0.037,0.783,0.796,0.804,0.817,0.822,0.797,0.805,0.832,0.838,0.831,0.827,0.038,0.818,0.781,0.785,0.799,0.808,0.812,0.819,0.842,0.844,0.839,0.835,0.036,0.827,0.763,0.770,0.759,0.791,0.792,0.808,0.848,0.852,0.835,0.813,0.038,0.826,0.741,0.757,0.810,0.810,0.810,0.824,0.855,0.870,0.854,0.816,1.043,0.815,0.727,0.727,0.768,0.799,0.814,0.805,0.849,0.856,0.843,0.814,1.024,0.827,0.642,0.653,0.846,0.780,0.817,0.827,0.844,0.852,0.827,0.968,1.044,0.812,0.460,0.461,0.723,0.735,0.792,0.792,0.825,0.819,0.813,0.802,1.013,0.783,0.136,0.134,0.581,0.581,0.740,0.751,0.791,0.803,0.769,0.748
22:29:10,37.0,0.038,0.784,0.796,0.803,0.817,0.822,0.798,0.807,0.833,0.838,0.831,0.827,0.038,0.817,0.783,0.786,0.797,0.808,0.813,0.819,0.842,0.844,0.838,0.836,0.036,0.827,0.765,0.769,0.759,0.790,0.793,0.809,0.848,0.853,0.834,0.813,0.038,0.825,0.747,0.763,0.812,0.811,0.810,0.824,0.856,0.870,0.855,0.817,1.040,0.816,0.734,0.733,0.771,0.801,0.815,0.806,0.849,0.856,0.843,0.814,1.021,0.827,0.658,0.667,0.853,0.785,0.819,0.828,0.843,0.853,0.827,0.966,1.042,0.812,0.490,0.489,0.731,0.743,0.795,0.793,0.825,0.820,0.812,0.802,1.011,0.784,0.145,0.144,0.598,0.598,0.741,0.753,0.792,0.803,0.769,0.746
22:54:10,37.0,0.038,0.784,0.796,0.803,0.818,0.822,0.799,0.807,0.833,0.839,0.832,0.827,0.038,0.817,0.785,0.789,0.798,0.810,0.814,0.821,0.842,0.844,0.838,0.836,0.036,0.828,0.767,0.769,0.758,0.787,0.793,0.810,0.849,0.852,0.835,0.814,0.038,0.825,0.752,0.770,0.814,0.813,0.811,0.825,0.856,0.869,0.855,0.817,1.038,0.816,0.742,0.740,0.774,0.803,0.817,0.807,0.849,0.856,0.843,0.815,1.019,0.827,0.670,0.690,0.857,0.790,0.821,0.829,0.843,0.853,0.827,0.965,1.040,0.812,0.516,0.515,0.736,0.749,0.796,0.795,0.826,0.819,0.812,0.802,1.007,0.784,0.157,0.155,0.613,0.614,0.743,0.754,0.792,0.802,0.768,0.744
23:19:10,37.0,0.037,0.784,0.797,0.802,0.818,0.822,0.800,0.808,0.834,0.839,0.832,0.828,0.038,0.817,0.786,0.789,0.797,0.811,0.815,0.822,0.842,0.845,0.838,0.835,0.036,0.828,0.768,0.767,0.758,0.787,0.794,0.810,0.850,0.853,0.834,0.814,0.038,0.824,0.754,0.773,0.815,0.814,0.811,0.825,0.857,0.869,0.854,0.817,1.036,0.816,0.748,0.746,0.776,0.804,0.818,0.808,0.849,0.856,0.844,0.815,1.016,0.826,0.684,0.696,0.863,0.793,0.822,0.830,0.844,0.853,0.827,0.970,1.036,0.812,0.540,0.539,0.742,0.754,0.798,0.795,0.826,0.820,0.812,0.800,1.003,0.785,0.169,0.168,0.628,0.627,0.744,0.755,0.791,0.801,0.767,0.743
23:44:10,37.0,0.037,0.785,0.797,0.802,0.818,0.822,0.801,0.808,0.834,0.840,0.833,0.829,0.038,0.816,0.788,0.790,0.797,0.812,0.816,0.822,0.843,0.844,0.839,0.837,0.036,0.829,0.770,0.766,0.759,0.787,0.794,0.811,0.849,0.852,0.835,0.815,0.038,0.826,0.759,0.777,0.816,0.815,0.812,0.824,0.856,0.869,0.855,0.818,1.034,0.815,0.752,0.750,0.779,0.806,0.818,0.808,0.849,0.856,0.844,0.816,1.014,0.826,0.695,0.703,0.870,0.797,0.824,0.832,0.844,0.854,0.827,0.972,1.034,0.811,0.564,0.562,0.747,0.759,0.800,0.798,0.826,0.820,0.814,0.800,1.000,0.785,0.183,0.182,0.640,0.641,0.745,0.757,0.790,0.801,0.766,0.741
24:09:10,37.1,0.038,0.785,0.797,0.803,0.819,0.823,0.802,0.809,0.835,0.840,0.833,0.829,0.038,0.816,0.789,0.788,0.798,0.813,0.817,0.824,0.843,0.845,0.839,0.837,0.036,0.829,0.770,0.766,0.760,0.787,0.794,0.811,0.850,0.853,0.835,0.815,0.038,0.825,0.762,0.780,0.818,0.816,0.812,0.826,0.856,0.870,0.855,0.819,1.032,0.816,0.757,0.756,0.781,0.808,0.820,0.809,0.849,0.856,0.845,0.816,1.013,0.826,0.703,0.713,0.871,0.801,0.826,0.834,0.845,0.854,0.827,0.967,1.031,0.811,0.585,0.583,0.751,0.763,0.802,0.799,0.827,0.821,0.813,0.800,0.995,0.781,0.200,0.199,0.651,0.651,0.746,0.757,0.790,0.801,0.765,0.738
0:00:00,,,,,,,,,,,,,,,,,,,,,,,,,,,,,,,,,,,,,,,,,,,,,,,,,,,,,,,,,,,,,,,,,,,,,,,,,,,,,,,,,,,,,,,,,,,,,,,,,
0:00:00,,,,,,,,,,,,,,,,,,,,,,,,,,,,,,,,,,,,,,,,,,,,,,,,,,,,,,,,,,,,,,,,,,,,,,,,,,,,,,,,,,,,,,,,,,,,,,,,,
0:00:00,,,,,,,,,,,,,,,,,,,,,,,,,,,,,,,,,,,,,,,,,,,,,,,,,,,,,,,,,,,,,,,,,,,,,,,,,,,,,,,,,,,,,,,,,,,,,,,,,
0:00:00,,,,,,,,,,,,,,,,,,,,,,,,,,,,,,,,,,,,,,,,,,,,,,,,,,,,,,,,,,,,,,,,,,,,,,,,,,,,,,,,,,,,,,,,,,,,,,,,,
0:00:00,,,,,,,,,,,,,,,,,,,,,,,,,,,,,,,,,,,,,,,,,,,,,,,,,,,,,,,,,,,,,,,,,,,,,,,,,,,,,,,,,,,,,,,,,,,,,,,,,
0:00:00,,,,,,,,,,,,,,,,,,,,,,,,,,,,,,,,,,,,,,,,,,,,,,,,,,,,,,,,,,,,,,,,,,,,,,,,,,,,,,,,,,,,,,,,,,,,,,,,,
0:00:00,,,,,,,,,,,,,,,,,,,,,,,,,,,,,,,,,,,,,,,,,,,,,,,,,,,,,,,,,,,,,,,,,,,,,,,,,,,,,,,,,,,,,,,,,,,,,,,,,
0:00:00,,,,,,,,,,,,,,,,,,,,,,,,,,,,,,,,,,,,,,,,,,,,,,,,,,,,,,,,,,,,,,,,,,,,,,,,,,,,,,,,,,,,,,,,,,,,,,,,,
0:00:00,,,,,,,,,,,,,,,,,,,,,,,,,,,,,,,,,,,,,,,,,,,,,,,,,,,,,,,,,,,,,,,,,,,,,,,,,,,,,,,,,,,,,,,,,,,,,,,,,
0:00:00,,,,,,,,,,,,,,,,,,,,,,,,,,,,,,,,,,,,,,,,,,,,,,,,,,,,,,,,,,,,,,,,,,,,,,,,,,,,,,,,,,,,,,,,,,,,,,,,,
0:00:00,,,,,,,,,,,,,,,,,,,,,,,,,,,,,,,,,,,,,,,,,,,,,,,,,,,,,,,,,,,,,,,,,,,,,,,,,,,,,,,,,,,,,,,,,,,,,,,,,
0:00:00,,,,,,,,,,,,,,,,,,,,,,,,,,,,,,,,,,,,,,,,,,,,,,,,,,,,,,,,,,,,,,,,,,,,,,,,,,,,,,,,,,,,,,,,,,,,,,,,,
0:00:00,,,,,,,,,,,,,,,,,,,,,,,,,,,,,,,,,,,,,,,,,,,,,,,,,,,,,,,,,,,,,,,,,,,,,,,,,,,,,,,,,,,,,,,,,,,,,,,,,
0:00:00,,,,,,,,,,,,,,,,,,,,,,,,,,,,,,,,,,,,,,,,,,,,,,,,,,,,,,,,,,,,,,,,,,,,,,,,,,,,,,,,,,,,,,,,,,,,,,,,,
0:00:00,,,,,,,,,,,,,,,,,,,,,,,,,,,,,,,,,,,,,,,,,,,,,,,,,,,,,,,,,,,,,,,,,,,,,,,,,,,,,,,,,,,,,,,,,,,,,,,,,

