0:24:10,37.1,0.039,0.042,0.044,0.116,0.048,0.046,0.046,0.045,0.045,0.047,0.045,0.046,0.039,0.042,0.042,0.042,0.044,0.044,0.045,0.045,0.043,0.170,0.043,0.044,0.037,0.041,0.042,0.042,0.045,0.045,0.044,0.045,0.045,0.045,0.044,0.046,0.038,0.041,0.041,0.042,0.042,0.042,0.041,0.043,0.044,0.044,0.043,0.045,0.038,0.043,0.042,0.040,0.043,0.046,0.042,0.041,0.228,0.045,0.335,0.045,0.038,0.066,0.045,0.044,0.043,0.042,0.044,0.044,0.583,0.045,0.044,0.043,0.037,0.045,0.045,0.043,0.044,0.043,0.043,0.043,0.043,0.044,0.136,0.045,0.038,0.045,0.044,0.044,0.043,0.043,0.045,0.047,0.044,0.045,0.186,0.044
0:49:10,37.0,0.039,0.044,0.046,0.124,0.051,0.049,0.049,0.048,0.047,0.050,0.047,0.048,0.039,0.044,0.043,0.043,0.045,0.046,0.047,0.048,0.046,0.197,0.045,0.046,0.037,0.043,0.044,0.043,0.046,0.047,0.046,0.047,0.048,0.048,0.046,0.048,0.044,0.043,0.042,0.044,0.043,0.044,0.044,0.045,0.046,0.049,0.046,0.047,0.038,0.045,0.044,0.042,0.045,0.047,0.045,0.044,0.240,0.049,0.347,0.047,0.039,0.050,0.046,0.046,0.045,0.044,0.047,0.047,0.590,0.047,0.046,0.046,0.038,0.046,0.046,0.045,0.046,0.045,0.045,0.046,0.047,0.048,0.140,0.047,0.038,0.047,0.045,0.045,0.044,0.045,0.048,0.049,0.047,0.048,0.191,0.046
1:14:10,37.1,0.039,0.046,0.048,0.124,0.053,0.051,0.051,0.050,0.050,0.052,0.049,0.050,0.040,0.045,0.044,0.045,0.047,0.048,0.050,0.050,0.049,0.203,0.047,0.048,0.037,0.044,0.045,0.045,0.048,0.049,0.048,0.049,0.050,0.050,0.048,0.050,0.043,0.044,0.043,0.045,0.045,0.045,0.045,0.047,0.050,0.052,0.048,0.050,0.038,0.046,0.045,0.043,0.046,0.049,0.047,0.046,0.240,0.052,0.342,0.049,0.038,0.070,0.047,0.046,0.046,0.045,0.048,0.049,0.609,0.050,0.048,0.048,0.037,0.048,0.046,0.045,0.047,0.046,0.047,0.048,0.049,0.050,0.143,0.049,0.038,0.049,0.045,0.046,0.045,0.046,0.049,0.051,0.049,0.050,0.195,0.048
1:39:10,37.1,0.039,0.048,0.051,0.129,0.057,0.054,0.055,0.053,0.052,0.056,0.051,0.052,0.039,0.048,0.046,0.046,0.050,0.051,0.052,0.053,0.051,0.200,0.049,0.050,0.037,0.046,0.047,0.046,0.050,0.051,0.051,0.052,0.053,0.053,0.050,0.053,0.040,0.046,0.044,0.046,0.046,0.047,0.046,0.049,0.053,0.055,0.050,0.052,0.038,0.048,0.046,0.044,0.048,0.050,0.050,0.048,0.238,0.055,0.339,0.052,0.038,0.073,0.048,0.047,0.047,0.047,0.050,0.052,0.623,0.053,0.051,0.050,0.038,0.050,0.047,0.046,0.048,0.047,0.049,0.050,0.052,0.052,0.142,0.051,0.038,0.051,0.046,0.047,0.046,0.047,0.051,0.053,0.052,0.053,0.196,0.051
2:04:10,37.0,0.039,0.051,0.054,0.131,0.060,0.058,0.059,0.057,0.056,0.059,0.054,0.056,0.039,0.051,0.048,0.048,0.052,0.053,0.056,0.057,0.054,0.196,0.051,0.053,0.037,0.049,0.048,0.048,0.052,0.053,0.054,0.055,0.057,0.056,0.052,0.056,0.042,0.049,0.046,0.048,0.048,0.048,0.048,0.052,0.056,0.059,0.052,0.055,0.038,0.051,0.047,0.044,0.049,0.052,0.052,0.050,0.238,0.059,0.335,0.055,0.039,0.060,0.049,0.049,0.048,0.048,0.053,0.054,0.629,0.056,0.054,0.053,0.038,0.053,0.048,0.047,0.049,0.048,0.051,0.052,0.055,0.056,0.142,0.054,0.038,0.053,0.047,0.047,0.047,0.048,0.053,0.055,0.055,0.056,0.196,0.053
2:29:10,37.0,0.039,0.054,0.058,0.133,0.065,0.062,0.064,0.062,0.060,0.064,0.057,0.059,0.040,0.054,0.050,0.049,0.055,0.056,0.060,0.061,0.059,0.192,0.054,0.056,0.037,0.052,0.050,0.049,0.055,0.056,0.058,0.059,0.061,0.060,0.056,0.059,0.042,0.052,0.047,0.049,0.050,0.050,0.051,0.055,0.061,0.063,0.056,0.059,0.038,0.053,0.047,0.045,0.050,0.053,0.055,0.053,0.241,0.064,0.334,0.059,0.039,0.057,0.051,0.050,0.050,0.050,0.055,0.057,0.634,0.061,0.057,0.056,0.038,0.056,0.049,0.048,0.050,0.049,0.054,0.054,0.059,0.060,0.143,0.058,0.038,0.056,0.048,0.048,0.048,0.049,0.056,0.057,0.059,0.060,0.192,0.057
2:54:10,37.1,0.039,0.059,0.062,0.133,0.072,0.067,0.070,0.067,0.065,0.069,0.062,0.063,0.040,0.058,0.052,0.051,0.059,0.060,0.065,0.067,0.063,0.193,0.058,0.060,0.037,0.056,0.052,0.051,0.058,0.059,0.062,0.063,0.066,0.066,0.060,0.063,0.043,0.056,0.048,0.050,0.052,0.052,0.054,0.058,0.067,0.069,0.060,0.062,0.038,0.057,0.048,0.046,0.052,0.055,0.058,0.057,0.235,0.070,0.334,0.063,0.039,0.084,0.052,0.051,0.051,0.051,0.058,0.060,0.638,0.066,0.061,0.061,0.038,0.060,0.050,0.049,0.052,0.050,0.057,0.057,0.064,0.065,0.145,0.062,0.038,0.060,0.048,0.049,0.049,0.050,0.059,0.060,0.064,0.065,0.193,0.061
3:19:10,37.0,0.039,0.064,0.068,0.137,0.079,0.074,0.078,0.075,0.071,0.075,0.067,0.069,0.040,0.063,0.054,0.054,0.063,0.064,0.071,0.074,0.069,0.188,0.063,0.065,0.037,0.060,0.054,0.053,0.062,0.063,0.068,0.069,0.073,0.073,0.065,0.068,0.043,0.060,0.050,0.052,0.054,0.054,0.058,0.063,0.075,0.078,0.065,0.067,0.038,0.062,0.049,0.047,0.054,0.057,0.063,0.061,0.239,0.078,0.328,0.068,0.039,0.076,0.053,0.051,0.053,0.053,0.062,0.065,0.654,0.073,0.067,0.066,0.037,0.065,0.051,0.050,0.053,0.052,0.059,0.060,0.070,0.071,0.145,0.068,0.038,0.065,0.049,0.050,0.050,0.051,0.062,0.063,0.070,0.071,0.188,0.066
3:44:10,37.1,0.039,0.071,0.075,0.141,0.089,0.083,0.087,0.085,0.079,0.082,0.073,0.075,0.040,0.070,0.057,0.057,0.068,0.069,0.080,0.083,0.077,0.186,0.070,0.071,0.037,0.067,0.057,0.056,0.067,0.067,0.076,0.077,0.084,0.082,0.072,0.075,0.043,0.067,0.051,0.054,0.057,0.057,0.063,0.069,0.084,0.092,0.073,0.072,0.038,0.068,0.050,0.048,0.056,0.059,0.068,0.067,0.247,0.090,0.326,0.075,0.039,0.079,0.054,0.053,0.055,0.055,0.066,0.070,0.651,0.083,0.074,0.073,0.038,0.071,0.052,0.051,0.055,0.053,0.063,0.064,0.077,0.079,0.147,0.074,0.038,0.071,0.049,0.051,0.051,0.052,0.065,0.067,0.076,0.079,0.180,0.072
4:09:10,37.0,0.039,0.079,0.083,0.147,0.100,0.093,0.100,0.097,0.090,0.093,0.082,0.083,0.040,0.079,0.061,0.060,0.074,0.075,0.092,0.095,0.091,0.188,0.078,0.078,0.037,0.075,0.060,0.059,0.072,0.072,0.087,0.089,0.099,0.096,0.081,0.083,0.043,0.077,0.053,0.056,0.060,0.061,0.070,0.075,0.091,0.103,0.079,0.080,0.038,0.076,0.051,0.049,0.058,0.062,0.075,0.073,0.260,0.107,0.324,0.083,0.038,0.100,0.055,0.054,0.057,0.058,0.072,0.076,0.655,0.090,0.083,0.081,0.037,0.078,0.053,0.051,0.057,0.055,0.068,0.069,0.083,0.085,0.152,0.083,0.038,0.080,0.050,0.051,0.053,0.054,0.069,0.071,0.088,0.087,0.178,0.080
4:34:10,37.1,0.039,0.089,0.095,0.153,0.112,0.106,0.118,0.114,0.103,0.105,0.092,0.094,0.040,0.089,0.065,0.064,0.082,0.083,0.109,0.109,0.105,0.184,0.085,0.086,0.037,0.086,0.064,0.063,0.079,0.079,0.105,0.108,0.115,0.105,0.095,0.092,0.044,0.085,0.055,0.058,0.063,0.066,0.083,0.086,0.102,0.138,0.088,0.091,0.038,0.087,0.053,0.050,0.061,0.066,0.087,0.085,0.281,0.135,0.321,0.093,0.038,0.108,0.057,0.056,0.060,0.060,0.080,0.083,0.647,0.101,0.094,0.092,0.037,0.088,0.054,0.052,0.059,0.057,0.074,0.074,0.094,0.096,0.158,0.093,0.038,0.090,0.051,0.052,0.054,0.055,0.073,0.075,0.097,0.099,0.172,0.090
4:59:10,37.1,0.039,0.102,0.102,0.166,0.128,0.124,0.135,0.133,0.120,0.121,0.107,0.107,0.039,0.103,0.070,0.069,0.093,0.098,0.124,0.126,0.117,0.205,0.094,0.097,0.037,0.102,0.068,0.067,0.086,0.092,0.126,0.130,0.125,0.111,0.115,0.104,0.044,0.102,0.057,0.060,0.068,0.074,0.107,0.100,0.133,0.112,0.101,0.105,0.038,0.103,0.055,0.051,0.065,0.070,0.109,0.135,0.308,0.117,0.314,0.105,0.038,0.108,0.058,0.056,0.063,0.063,0.089,0.090,0.629,0.115,0.108,0.104,0.038,0.100,0.055,0.053,0.061,0.059,0.082,0.080,0.105,0.115,0.169,0.108,0.038,0.103,0.052,0.052,0.056,0.057,0.078,0.080,0.115,0.112,0.165,0.103
5:24:10,37.0,0.039,0.118,0.120,0.179,0.153,0.147,0.163,0.161,0.144,0.142,0.124,0.123,0.039,0.123,0.076,0.074,0.107,0.117,0.136,0.142,0.132,0.226,0.105,0.117,0.037,0.122,0.073,0.072,0.096,0.109,0.135,0.138,0.142,0.124,0.113,0.114,0.043,0.119,0.060,0.064,0.076,0.086,0.133,0.118,0.117,0.119,0.114,0.125,0.038,0.126,0.056,0.053,0.072,0.076,0.128,0.120,0.342,0.129,0.303,0.122,0.038,0.114,0.060,0.058,0.067,0.067,0.098,0.100,0.661,0.162,0.129,0.122,0.037,0.117,0.056,0.054,0.063,0.060,0.086,0.092,0.123,0.129,0.182,0.126,0.038,0.122,0.053,0.053,0.058,0.058,0.084,0.086,0.133,0.135,0.176,0.115
5:49:10,37.0,0.039,0.141,0.140,0.200,0.197,0.177,0.199,0.197,0.173,0.172,0.148,0.144,0.039,0.166,0.084,0.081,0.130,0.115,0.150,0.167,0.159,0.257,0.122,0.144,0.037,0.134,0.079,0.078,0.107,0.125,0.140,0.145,0.175,0.137,0.127,0.133,0.044,0.132,0.063,0.070,0.089,0.110,0.115,0.188,0.127,0.143,0.165,0.152,0.038,0.136,0.058,0.054,0.082,0.086,0.112,0.103,0.372,0.142,0.309,0.145,0.038,0.126,0.061,0.060,0.072,0.072,0.105,0.104,0.671,0.189,0.155,0.145,0.037,0.137,0.057,0.055,0.066,0.063,0.093,0.093,0.173,0.174,0.197,0.148,0.038,0.148,0.054,0.054,0.059,0.060,0.092,0.095,0.159,0.161,0.196,0.144
6:14:10,37.0,0.039,0.172,0.170,0.224,0.232,0.215,0.245,0.243,0.212,0.209,0.177,0.173,0.039,0.181,0.094,0.090,0.134,0.122,0.174,0.205,0.220,0.296,0.149,0.178,0.037,0.146,0.087,0.086,0.126,0.128,0.149,0.156,0.207,0.166,0.145,0.166,0.040,0.149,0.067,0.078,0.109,0.124,0.123,0.106,0.132,0.218,0.208,0.186,0.038,0.145,0.061,0.056,0.087,0.089,0.118,0.113,0.420,0.215,0.325,0.175,0.038,0.141,0.063,0.062,0.080,0.076,0.110,0.114,0.679,0.233,0.187,0.176,0.037,0.183,0.058,0.056,0.069,0.065,0.103,0.102,0.214,0.215,0.220,0.179,0.038,0.176,0.055,0.056,0.061,0.062,0.101,0.106,0.193,0.197,0.224,0.175
6:39:10,37.0,0.039,0.209,0.207,0.256,0.282,0.262,0.298,0.296,0.260,0.256,0.216,0.209,0.039,0.223,0.112,0.098,0.142,0.132,0.244,0.278,0.276,0.345,0.216,0.220,0.037,0.163,0.096,0.096,0.151,0.127,0.166,0.186,0.281,0.247,0.178,0.221,0.041,0.167,0.071,0.082,0.097,0.110,0.141,0.116,0.238,0.265,0.260,0.231,0.038,0.158,0.065,0.059,0.088,0.093,0.133,0.129,0.471,0.265,0.347,0.214,0.038,0.158,0.065,0.063,0.082,0.087,0.121,0.125,0.721,0.286,0.233,0.216,0.038,0.220,0.059,0.057,0.070,0.068,0.115,0.119,0.265,0.264,0.248,0.217,0.038,0.212,0.056,0.057,0.063,0.064,0.112,0.112,0.234,0.238,0.258,0.214
7:04:10,37.1,0.039,0.256,0.252,0.298,0.339,0.316,0.356,0.354,0.314,0.311,0.264,0.254,0.040,0.272,0.110,0.111,0.155,0.155,0.297,0.338,0.337,0.397,0.270,0.272,0.037,0.229,0.116,0.109,0.171,0.134,0.203,0.260,0.343,0.301,0.251,0.274,0.044,0.236,0.079,0.085,0.091,0.099,0.234,0.146,0.289,0.320,0.316,0.283,0.038,0.182,0.070,0.064,0.091,0.102,0.172,0.215,0.513,0.320,0.376,0.264,0.039,0.181,0.067,0.066,0.086,0.089,0.138,0.147,0.745,0.347,0.285,0.265,0.038,0.268,0.061,0.059,0.073,0.071,0.139,0.139,0.321,0.319,0.282,0.262,0.038,0.252,0.057,0.058,0.065,0.066,0.127,0.120,0.283,0.289,0.297,0.262
7:29:10,37.0,0.039,0.309,0.304,0.348,0.397,0.377,0.417,0.415,0.371,0.372,0.320,0.308,0.039,0.324,0.126,0.132,0.185,0.187,0.362,0.398,0.403,0.455,0.331,0.329,0.037,0.284,0.159,0.124,0.212,0.146,0.310,0.324,0.402,0.359,0.305,0.333,0.038,0.290,0.082,0.087,0.092,0.110,0.281,0.257,0.346,0.382,0.379,0.342,0.038,0.286,0.075,0.072,0.097,0.143,0.256,0.256,0.557,0.383,0.405,0.319,0.038,0.276,0.069,0.069,0.086,0.099,0.215,0.228,0.804,0.409,0.344,0.320,0.037,0.321,0.062,0.060,0.076,0.075,0.192,0.191,0.381,0.379,0.325,0.316,0.038,0.298,0.057,0.058,0.067,0.068,0.144,0.154,0.335,0.342,0.338,0.315
7:54:10,37.1,0.039,0.366,0.362,0.400,0.456,0.438,0.475,0.472,0.430,0.435,0.381,0.369,0.039,0.386,0.140,0.164,0.234,0.273,0.419,0.453,0.460,0.511,0.392,0.388,0.037,0.336,0.192,0.170,0.259,0.186,0.365,0.381,0.455,0.419,0.364,0.395,0.043,0.340,0.086,0.096,0.100,0.126,0.333,0.305,0.409,0.443,0.440,0.402,0.038,0.327,0.077,0.074,0.105,0.140,0.304,0.302,0.606,0.445,0.442,0.377,0.038,0.326,0.072,0.070,0.093,0.114,0.262,0.269,0.838,0.467,0.403,0.378,0.037,0.377,0.063,0.062,0.081,0.079,0.228,0.229,0.442,0.440,0.378,0.373,0.038,0.346,0.059,0.059,0.070,0.071,0.166,0.179,0.389,0.400,0.386,0.371
8:19:10,37.1,0.039,0.426,0.422,0.455,0.511,0.494,0.527,0.525,0.481,0.492,0.441,0.431,0.039,0.442,0.159,0.169,0.314,0.336,0.470,0.506,0.514,0.563,0.447,0.446,0.037,0.394,0.166,0.210,0.314,0.279,0.424,0.434,0.507,0.477,0.424,0.458,0.042,0.398,0.092,0.113,0.113,0.194,0.385,0.357,0.469,0.499,0.493,0.460,0.037,0.386,0.079,0.075,0.116,0.179,0.353,0.352,0.648,0.502,0.479,0.435,0.038,0.381,0.073,0.071,0.101,0.126,0.305,0.313,0.875,0.521,0.461,0.436,0.037,0.430,0.065,0.063,0.088,0.082,0.271,0.274,0.498,0.495,0.432,0.431,0.038,0.395,0.059,0.060,0.073,0.074,0.192,0.210,0.442,0.454,0.437,0.425
8:44:10,37.0,0.039,0.474,0.472,0.498,0.561,0.543,0.573,0.570,0.528,0.541,0.497,0.487,0.039,0.498,0.220,0.234,0.369,0.377,0.514,0.552,0.562,0.596,0.503,0.498,0.037,0.449,0.155,0.191,0.368,0.332,0.470,0.482,0.549,0.528,0.480,0.516,0.040,0.454,0.101,0.132,0.136,0.246,0.440,0.418,0.522,0.545,0.545,0.513,0.038,0.440,0.083,0.079,0.208,0.211,0.408,0.406,0.680,0.548,0.534,0.489,0.038,0.438,0.074,0.073,0.114,0.146,0.351,0.361,0.906,0.564,0.515,0.489,0.037,0.487,0.066,0.064,0.095,0.086,0.319,0.323,0.534,0.534,0.484,0.485,0.038,0.442,0.060,0.062,0.076,0.078,0.226,0.246,0.481,0.502,0.485,0.477
9:09:10,37.0,0.039,0.521,0.520,0.541,0.603,0.585,0.611,0.610,0.571,0.586,0.548,0.539,0.039,0.546,0.264,0.280,0.422,0.427,0.556,0.595,0.602,0.634,0.551,0.547,0.037,0.503,0.248,0.151,0.421,0.381,0.515,0.527,0.587,0.572,0.529,0.568,0.043,0.506,0.113,0.159,0.248,0.286,0.485,0.461,0.569,0.586,0.586,0.557,0.038,0.493,0.089,0.084,0.221,0.249,0.460,0.456,0.700,0.592,0.579,0.537,0.038,0.495,0.075,0.076,0.157,0.167,0.404,0.414,0.939,0.604,0.565,0.536,0.037,0.534,0.068,0.067,0.103,0.102,0.367,0.371,0.573,0.573,0.529,0.531,0.038,0.483,0.061,0.063,0.081,0.084,0.264,0.287,0.509,0.533,0.523,0.518
9:34:10,37.1,0.039,0.564,0.564,0.574,0.637,0.620,0.644,0.642,0.607,0.623,0.595,0.582,0.039,0.590,0.311,0.335,0.469,0.474,0.592,0.631,0.636,0.671,0.593,0.589,0.037,0.546,0.227,0.175,0.468,0.428,0.560,0.569,0.621,0.612,0.572,0.615,0.038,0.552,0.153,0.189,0.297,0.330,0.526,0.507,0.609,0.623,0.622,0.597,0.038,0.536,0.095,0.092,0.259,0.293,0.504,0.500,0.716,0.631,0.619,0.577,0.038,0.538,0.078,0.080,0.184,0.193,0.452,0.463,0.951,0.638,0.604,0.575,0.037,0.574,0.070,0.069,0.111,0.111,0.414,0.416,0.612,0.611,0.566,0.567,0.038,0.518,0.063,0.064,0.096,0.096,0.306,0.330,0.544,0.571,0.554,0.551
9:59:10,37.0,0.039,0.603,0.602,0.605,0.667,0.650,0.675,0.673,0.631,0.657,0.634,0.620,0.039,0.621,0.369,0.393,0.511,0.517,0.626,0.666,0.669,0.698,0.628,0.625,0.037,0.585,0.289,0.248,0.509,0.474,0.594,0.606,0.650,0.648,0.611,0.664,0.038,0.591,0.187,0.221,0.344,0.379,0.567,0.549,0.646,0.654,0.653,0.632,0.038,0.576,0.119,0.106,0.298,0.341,0.545,0.541,0.738,0.661,0.653,0.614,0.038,0.580,0.082,0.086,0.215,0.222,0.495,0.503,0.960,0.670,0.639,0.610,0.037,0.609,0.073,0.071,0.122,0.123,0.458,0.459,0.638,0.639,0.601,0.603,0.038,0.549,0.064,0.066,0.106,0.098,0.349,0.375,0.575,0.602,0.582,0.585
10:24:10,37.0,0.039,0.631,0.633,0.631,0.696,0.681,0.700,0.697,0.656,0.684,0.661,0.653,0.039,0.651,0.422,0.443,0.549,0.559,0.651,0.685,0.697,0.721,0.662,0.656,0.037,0.618,0.336,0.338,0.548,0.516,0.628,0.636,0.680,0.678,0.642,0.692,0.038,0.624,0.222,0.260,0.390,0.430,0.602,0.588,0.679,0.687,0.682,0.661,0.037,0.611,0.138,0.142,0.343,0.391,0.584,0.578,0.757,0.689,0.685,0.643,0.038,0.613,0.092,0.091,0.250,0.257,0.534,0.541,0.945,0.698,0.668,0.639,0.037,0.639,0.075,0.076,0.135,0.138,0.496,0.495,0.670,0.670,0.631,0.634,0.038,0.573,0.065,0.067,0.095,0.096,0.396,0.414,0.602,0.633,0.607,0.613
10:49:10,37.1,0.039,0.668,0.661,0.665,0.720,0.700,0.715,0.713,0.679,0.707,0.692,0.680,0.039,0.678,0.468,0.485,0.589,0.597,0.676,0.712,0.720,0.760,0.689,0.685,0.037,0.648,0.384,0.386,0.585,0.557,0.657,0.666,0.698,0.710,0.674,0.723,0.038,0.656,0.261,0.305,0.435,0.476,0.634,0.625,0.711,0.706,0.704,0.684,0.038,0.643,0.157,0.163,0.391,0.440,0.618,0.612,0.770,0.716,0.713,0.672,0.038,0.643,0.098,0.097,0.289,0.297,0.571,0.577,0.903,0.721,0.700,0.668,0.037,0.666,0.079,0.080,0.151,0.152,0.529,0.528,0.692,0.696,0.657,0.660,0.038,0.597,0.066,0.069,0.102,0.104,0.431,0.451,0.627,0.658,0.632,0.641
11:14:10,37.0,0.039,0.686,0.689,0.685,0.737,0.720,0.733,0.731,0.697,0.727,0.718,0.707,0.039,0.703,0.506,0.523,0.623,0.632,0.700,0.738,0.747,0.795,0.711,0.705,0.037,0.681,0.427,0.431,0.620,0.596,0.683,0.690,0.717,0.727,0.703,0.740,0.038,0.684,0.304,0.354,0.477,0.516,0.663,0.652,0.729,0.732,0.731,0.709,0.037,0.674,0.179,0.189,0.436,0.483,0.651,0.645,0.786,0.738,0.734,0.693,0.038,0.673,0.105,0.104,0.332,0.341,0.604,0.611,0.869,0.737,0.717,0.688,0.037,0.690,0.083,0.078,0.168,0.171,0.562,0.563,0.712,0.713,0.681,0.683,0.038,0.614,0.068,0.070,0.111,0.110,0.452,0.483,0.647,0.679,0.657,0.661
11:39:10,37.1,0.039,0.706,0.709,0.701,0.758,0.737,0.746,0.743,0.715,0.745,0.735,0.726,0.039,0.720,0.541,0.558,0.657,0.665,0.723,0.753,0.766,0.806,0.735,0.724,0.037,0.697,0.467,0.475,0.654,0.632,0.707,0.711,0.738,0.754,0.720,0.760,0.038,0.703,0.352,0.403,0.518,0.555,0.689,0.674,0.760,0.752,0.748,0.729,0.037,0.697,0.204,0.217,0.475,0.518,0.679,0.672,0.800,0.759,0.750,0.715,0.038,0.694,0.113,0.112,0.374,0.387,0.636,0.642,0.875,0.754,0.738,0.709,0.037,0.708,0.088,0.079,0.189,0.192,0.593,0.591,0.729,0.731,0.700,0.702,0.038,0.635,0.069,0.072,0.118,0.119,0.481,0.513,0.664,0.696,0.672,0.680
12:04:10,37.0,0.039,0.718,0.722,0.719,0.769,0.751,0.758,0.756,0.728,0.762,0.751,0.744,0.039,0.736,0.575,0.592,0.684,0.690,0.741,0.771,0.781,0.813,0.756,0.740,0.037,0.715,0.504,0.514,0.682,0.663,0.723,0.728,0.754,0.770,0.746,0.778,0.039,0.721,0.401,0.451,0.557,0.594,0.703,0.704,0.775,0.767,0.763,0.743,0.037,0.715,0.235,0.251,0.511,0.552,0.702,0.697,0.809,0.776,0.767,0.730,0.038,0.713,0.121,0.120,0.419,0.432,0.665,0.669,0.863,0.769,0.753,0.726,0.037,0.725,0.095,0.084,0.211,0.217,0.622,0.621,0.744,0.746,0.718,0.719,0.038,0.649,0.071,0.073,0.128,0.130,0.508,0.544,0.681,0.715,0.690,0.696
12:29:10,37.1,0.039,0.733,0.735,0.733,0.784,0.765,0.767,0.765,0.741,0.774,0.765,0.758,0.039,0.751,0.609,0.624,0.703,0.707,0.754,0.782,0.794,0.818,0.773,0.757,0.037,0.732,0.538,0.550,0.706,0.689,0.742,0.740,0.768,0.784,0.762,0.796,0.038,0.738,0.446,0.488,0.594,0.630,0.717,0.723,0.790,0.780,0.776,0.758,0.037,0.731,0.271,0.291,0.547,0.586,0.721,0.714,0.819,0.791,0.780,0.745,0.038,0.730,0.132,0.130,0.467,0.477,0.688,0.693,0.855,0.781,0.767,0.740,0.037,0.740,0.100,0.088,0.238,0.245,0.669,0.646,0.758,0.761,0.731,0.735,0.038,0.664,0.072,0.077,0.141,0.144,0.535,0.573,0.693,0.728,0.704,0.711
12:54:10,37.0,0.039,0.746,0.750,0.747,0.790,0.774,0.775,0.773,0.751,0.787,0.778,0.772,0.039,0.762,0.639,0.655,0.719,0.723,0.765,0.793,0.805,0.820,0.784,0.769,0.037,0.747,0.569,0.582,0.724,0.711,0.748,0.751,0.779,0.798,0.776,0.808,0.043,0.753,0.484,0.522,0.626,0.660,0.730,0.740,0.802,0.791,0.785,0.768,0.038,0.743,0.313,0.335,0.581,0.617,0.731,0.722,0.827,0.802,0.792,0.759,0.038,0.743,0.144,0.142,0.505,0.512,0.708,0.709,0.852,0.792,0.780,0.753,0.037,0.752,0.100,0.093,0.270,0.279,0.670,0.665,0.768,0.771,0.746,0.748,0.038,0.674,0.074,0.080,0.157,0.157,0.561,0.606,0.707,0.740,0.718,0.722
13:19:10,37.0,0.039,0.757,0.760,0.757,0.799,0.784,0.781,0.779,0.759,0.795,0.788,0.783,0.039,0.773,0.666,0.678,0.733,0.737,0.774,0.796,0.812,0.824,0.794,0.780,0.037,0.757,0.597,0.614,0.737,0.723,0.759,0.762,0.791,0.813,0.789,0.820,0.038,0.763,0.517,0.554,0.657,0.688,0.742,0.754,0.816,0.806,0.794,0.779,0.038,0.757,0.357,0.379,0.613,0.647,0.743,0.735,0.833,0.815,0.803,0.769,0.038,0.756,0.158,0.156,0.534,0.543,0.719,0.722,0.846,0.801,0.790,0.764,0.037,0.761,0.102,0.098,0.304,0.315,0.685,0.681,0.778,0.781,0.755,0.759,0.038,0.684,0.076,0.086,0.172,0.170,0.582,0.624,0.714,0.750,0.728,0.733
13:44:10,37.1,0.039,0.767,0.770,0.767,0.806,0.791,0.786,0.784,0.767,0.804,0.797,0.791,0.039,0.782,0.685,0.695,0.746,0.751,0.782,0.803,0.822,0.829,0.804,0.789,0.037,0.767,0.626,0.646,0.749,0.736,0.767,0.769,0.798,0.821,0.799,0.828,0.038,0.773,0.552,0.587,0.683,0.712,0.751,0.765,0.823,0.813,0.803,0.787,0.037,0.766,0.404,0.421,0.642,0.666,0.754,0.746,0.839,0.824,0.811,0.778,0.038,0.766,0.173,0.172,0.562,0.564,0.731,0.735,0.837,0.808,0.800,0.773,0.037,0.772,0.107,0.099,0.342,0.354,0.699,0.695,0.785,0.788,0.764,0.768,0.038,0.692,0.079,0.086,0.184,0.182,0.602,0.642,0.724,0.759,0.737,0.740
14:09:10,37.0,0.039,0.775,0.776,0.773,0.820,0.797,0.791,0.789,0.772,0.810,0.806,0.801,0.039,0.790,0.701,0.712,0.757,0.762,0.786,0.806,0.827,0.833,0.811,0.796,0.037,0.775,0.649,0.669,0.763,0.750,0.773,0.777,0.804,0.825,0.811,0.833,0.038,0.781,0.584,0.618,0.702,0.723,0.760,0.773,0.829,0.817,0.809,0.795,0.037,0.774,0.444,0.459,0.666,0.687,0.763,0.754,0.845,0.826,0.818,0.785,0.038,0.775,0.193,0.193,0.588,0.592,0.742,0.746,0.823,0.819,0.808,0.780,0.037,0.779,0.111,0.102,0.380,0.394,0.713,0.708,0.792,0.795,0.772,0.775,0.038,0.699,0.088,0.086,0.196,0.192,0.620,0.659,0.729,0.765,0.743,0.747
14:34:10,37.0,0.039,0.780,0.783,0.781,0.817,0.803,0.794,0.793,0.778,0.815,0.812,0.806,0.039,0.797,0.719,0.726,0.765,0.770,0.787,0.806,0.831,0.837,0.816,0.803,0.037,0.782,0.668,0.693,0.772,0.760,0.780,0.783,0.808,0.829,0.816,0.841,0.043,0.788,0.614,0.647,0.713,0.738,0.767,0.784,0.834,0.819,0.813,0.800,0.037,0.781,0.481,0.492,0.689,0.713,0.776,0.763,0.851,0.830,0.825,0.791,0.038,0.782,0.216,0.216,0.614,0.620,0.753,0.757,0.829,0.825,0.812,0.787,0.037,0.785,0.114,0.106,0.418,0.430,0.724,0.719,0.798,0.801,0.778,0.781,0.038,0.704,0.090,0.087,0.213,0.212,0.635,0.673,0.735,0.773,0.750,0.752
14:59:10,37.0,0.039,0.784,0.788,0.785,0.824,0.806,0.797,0.796,0.782,0.820,0.817,0.813,0.039,0.802,0.732,0.740,0.773,0.778,0.789,0.808,0.836,0.840,0.821,0.808,0.037,0.788,0.688,0.712,0.782,0.769,0.787,0.791,0.812,0.834,0.819,0.845,0.038,0.794,0.640,0.673,0.728,0.752,0.773,0.788,0.840,0.825,0.818,0.806,0.037,0.786,0.511,0.523,0.700,0.732,0.778,0.770,0.854,0.832,0.829,0.797,0.038,0.786,0.245,0.245,0.635,0.643,0.764,0.766,0.833,0.828,0.817,0.791,0.037,0.790,0.120,0.112,0.449,0.468,0.733,0.728,0.803,0.805,0.784,0.786,0.038,0.709,0.089,0.087,0.235,0.235,0.649,0.686,0.739,0.776,0.754,0.758
15:24:10,37.0,0.039,0.789,0.793,0.789,0.831,0.811,0.800,0.798,0.785,0.824,0.821,0.817,0.039,0.807,0.743,0.750,0.780,0.785,0.793,0.809,0.839,0.843,0.825,0.813,0.037,0.793,0.707,0.729,0.788,0.776,0.794,0.797,0.816,0.838,0.823,0.850,0.038,0.798,0.669,0.695,0.740,0.764,0.778,0.793,0.842,0.828,0.822,0.809,0.037,0.792,0.542,0.552,0.713,0.749,0.785,0.776,0.860,0.835,0.833,0.801,0.038,0.792,0.277,0.277,0.657,0.666,0.773,0.775,0.837,0.834,0.821,0.795,0.037,0.795,0.127,0.119,0.478,0.491,0.742,0.737,0.807,0.810,0.787,0.790,0.038,0.714,0.089,0.089,0.262,0.260,0.660,0.696,0.744,0.780,0.759,0.761
15:49:10,37.0,0.039,0.793,0.797,0.793,0.831,0.814,0.801,0.800,0.788,0.828,0.826,0.821,0.039,0.810,0.755,0.759,0.785,0.789,0.795,0.811,0.843,0.846,0.830,0.817,0.037,0.797,0.714,0.749,0.796,0.783,0.796,0.801,0.820,0.842,0.827,0.853,0.042,0.802,0.688,0.708,0.750,0.774,0.782,0.798,0.847,0.832,0.826,0.813,0.037,0.797,0.569,0.581,0.726,0.762,0.789,0.782,0.859,0.838,0.839,0.805,0.038,0.795,0.311,0.313,0.679,0.681,0.776,0.782,0.839,0.837,0.825,0.800,0.037,0.799,0.134,0.128,0.508,0.520,0.749,0.743,0.810,0.813,0.792,0.794,0.038,0.717,0.092,0.091,0.290,0.290,0.671,0.706,0.746,0.783,0.761,0.765
16:14:10,37.0,0.039,0.796,0.800,0.796,0.837,0.817,0.804,0.802,0.792,0.831,0.829,0.825,0.039,0.814,0.762,0.768,0.790,0.795,0.796,0.813,0.844,0.849,0.833,0.819,0.037,0.801,0.721,0.746,0.803,0.788,0.801,0.804,0.821,0.844,0.830,0.855,0.043,0.806,0.699,0.719,0.761,0.782,0.788,0.794,0.850,0.834,0.827,0.817,0.037,0.799,0.598,0.608,0.739,0.773,0.793,0.786,0.862,0.840,0.839,0.808,0.038,0.798,0.349,0.351,0.689,0.700,0.783,0.789,0.842,0.836,0.829,0.801,0.037,0.802,0.145,0.137,0.534,0.546,0.755,0.750,0.814,0.816,0.795,0.797,0.038,0.720,0.095,0.092,0.323,0.322,0.679,0.713,0.750,0.786,0.766,0.767
16:39:10,37.1,0.039,0.799,0.803,0.799,0.839,0.819,0.804,0.803,0.793,0.833,0.832,0.828,0.039,0.817,0.769,0.773,0.794,0.799,0.797,0.815,0.846,0.851,0.836,0.823,0.037,0.803,0.729,0.755,0.807,0.794,0.803,0.808,0.824,0.846,0.833,0.856,0.038,0.808,0.714,0.732,0.766,0.790,0.796,0.798,0.852,0.837,0.830,0.819,0.037,0.801,0.623,0.634,0.748,0.782,0.795,0.788,0.863,0.842,0.841,0.810,0.038,0.802,0.388,0.389,0.702,0.715,0.785,0.791,0.845,0.838,0.832,0.805,0.037,0.806,0.155,0.145,0.559,0.571,0.760,0.755,0.816,0.819,0.798,0.799,0.038,0.721,0.096,0.093,0.356,0.355,0.687,0.722,0.752,0.788,0.768,0.769
17:04:10,37.0,0.039,0.801,0.805,0.801,0.836,0.821,0.806,0.805,0.795,0.835,0.835,0.830,0.039,0.820,0.776,0.779,0.798,0.803,0.799,0.816,0.847,0.853,0.837,0.825,0.037,0.806,0.736,0.759,0.812,0.802,0.804,0.810,0.824,0.847,0.835,0.857,0.038,0.810,0.727,0.745,0.772,0.796,0.799,0.796,0.854,0.838,0.831,0.822,0.037,0.803,0.650,0.655,0.757,0.787,0.799,0.792,0.864,0.844,0.843,0.813,0.038,0.805,0.426,0.428,0.715,0.728,0.789,0.793,0.847,0.839,0.834,0.807,0.037,0.809,0.166,0.157,0.581,0.595,0.765,0.760,0.818,0.821,0.800,0.802,0.038,0.724,0.097,0.097,0.387,0.387,0.693,0.727,0.754,0.790,0.769,0.771
17:29:10,37.1,0.039,0.802,0.807,0.803,0.838,0.822,0.806,0.805,0.797,0.836,0.837,0.834,0.039,0.821,0.780,0.784,0.801,0.806,0.801,0.818,0.848,0.855,0.838,0.827,0.037,0.808,0.744,0.766,0.815,0.801,0.807,0.814,0.825,0.848,0.836,0.859,0.038,0.812,0.738,0.753,0.778,0.804,0.793,0.795,0.854,0.839,0.833,0.824,0.038,0.806,0.678,0.672,0.765,0.791,0.802,0.795,0.867,0.846,0.846,0.814,0.038,0.806,0.460,0.462,0.724,0.737,0.792,0.801,0.850,0.841,0.836,0.809,0.037,0.810,0.180,0.170,0.602,0.614,0.770,0.764,0.820,0.823,0.802,0.804,0.038,0.725,0.098,0.098,0.417,0.416,0.700,0.733,0.756,0.792,0.771,0.772
17:54:10,37.0,0.039,0.803,0.808,0.803,0.847,0.822,0.807,0.806,0.798,0.837,0.838,0.835,0.039,0.823,0.785,0.789,0.803,0.809,0.803,0.819,0.849,0.856,0.839,0.828,0.037,0.810,0.748,0.773,0.819,0.805,0.810,0.815,0.825,0.848,0.837,0.860,0.038,0.813,0.748,0.760,0.783,0.816,0.796,0.796,0.854,0.841,0.834,0.824,0.037,0.807,0.699,0.683,0.772,0.793,0.804,0.797,0.868,0.848,0.847,0.816,0.038,0.807,0.491,0.495,0.733,0.742,0.795,0.797,0.850,0.842,0.837,0.810,0.037,0.812,0.195,0.184,0.622,0.634,0.774,0.768,0.821,0.824,0.804,0.804,0.038,0.727,0.100,0.100,0.444,0.444,0.703,0.737,0.757,0.793,0.772,0.774
18:19:10,37.1,0.039,0.807,0.809,0.805,0.838,0.822,0.807,0.807,0.798,0.837,0.840,0.836,0.039,0.824,0.788,0.793,0.805,0.810,0.803,0.820,0.850,0.857,0.840,0.829,0.037,0.811,0.752,0.773,0.821,0.807,0.810,0.816,0.827,0.852,0.840,0.860,0.043,0.815,0.756,0.769,0.786,0.815,0.796,0.798,0.858,0.844,0.835,0.826,0.037,0.808,0.717,0.695,0.780,0.803,0.805,0.798,0.868,0.851,0.848,0.817,0.038,0.809,0.521,0.524,0.744,0.752,0.797,0.799,0.851,0.843,0.839,0.811,0.037,0.814,0.213,0.201,0.635,0.649,0.778,0.772,0.823,0.825,0.805,0.805,0.038,0.727,0.102,0.103,0.471,0.470,0.709,0.744,0.759,0.795,0.773,0.773
18:44:10,37.1,0.039,0.805,0.809,0.805,0.837,0.823,0.808,0.806,0.797,0.838,0.840,0.837,0.039,0.825,0.792,0.796,0.807,0.811,0.804,0.820,0.851,0.857,0.840,0.830,0.037,0.812,0.756,0.777,0.823,0.810,0.811,0.817,0.827,0.852,0.840,0.859,0.038,0.816,0.763,0.774,0.790,0.817,0.798,0.798,0.858,0.844,0.835,0.826,0.038,0.809,0.732,0.708,0.784,0.806,0.805,0.800,0.867,0.851,0.848,0.818,0.038,0.810,0.549,0.552,0.751,0.758,0.799,0.801,0.852,0.844,0.839,0.812,0.037,0.814,0.233,0.221,0.650,0.661,0.781,0.775,0.824,0.826,0.806,0.806,0.038,0.728,0.105,0.106,0.496,0.495,0.712,0.744,0.760,0.795,0.773,0.773
19:09:10,37.0,0.039,0.805,0.810,0.806,0.839,0.823,0.808,0.807,0.798,0.838,0.841,0.838,0.039,0.825,0.795,0.800,0.807,0.813,0.805,0.821,0.851,0.857,0.840,0.830,0.037,0.813,0.758,0.778,0.823,0.810,0.811,0.817,0.828,0.852,0.841,0.858,0.038,0.817,0.770,0.780,0.793,0.818,0.799,0.799,0.857,0.845,0.835,0.826,0.038,0.811,0.746,0.719,0.789,0.808,0.807,0.801,0.868,0.853,0.848,0.818,0.038,0.814,0.574,0.576,0.757,0.764,0.802,0.803,0.852,0.845,0.840,0.812,0.037,0.814,0.256,0.243,0.664,0.675,0.784,0.778,0.824,0.826,0.806,0.807,0.038,0.728,0.109,0.111,0.517,0.517,0.713,0.746,0.759,0.795,0.774,0.773
19:34:10,37.0,0.039,0.804,0.809,0.805,0.842,0.823,0.808,0.808,0.798,0.838,0.841,0.838,0.039,0.825,0.797,0.802,0.809,0.814,0.806,0.822,0.851,0.857,0.841,0.830,0.037,0.814,0.762,0.780,0.825,0.811,0.813,0.818,0.827,0.851,0.841,0.858,0.038,0.818,0.776,0.784,0.794,0.820,0.801,0.799,0.858,0.845,0.835,0.827,0.037,0.812,0.759,0.728,0.793,0.810,0.808,0.802,0.867,0.853,0.849,0.818,0.038,0.814,0.596,0.600,0.763,0.770,0.803,0.805,0.853,0.845,0.840,0.812,0.037,0.816,0.281,0.267,0.675,0.686,0.787,0.781,0.824,0.827,0.806,0.808,0.038,0.728,0.114,0.118,0.538,0.538,0.715,0.749,0.760,0.796,0.774,0.773
19:59:10,37.0,0.039,0.806,0.809,0.805,0.839,0.822,0.808,0.808,0.797,0.837,0.841,0.838,0.039,0.825,0.799,0.804,0.811,0.815,0.807,0.822,0.851,0.857,0.841,0.830,0.037,0.814,0.766,0.782,0.825,0.811,0.813,0.819,0.826,0.851,0.841,0.857,0.038,0.818,0.781,0.788,0.796,0.822,0.801,0.801,0.858,0.845,0.835,0.826,0.037,0.814,0.769,0.736,0.797,0.811,0.809,0.803,0.867,0.853,0.849,0.818,0.038,0.814,0.616,0.621,0.768,0.774,0.805,0.807,0.853,0.845,0.840,0.812,0.037,0.815,0.308,0.294,0.686,0.696,0.790,0.782,0.824,0.826,0.806,0.807,0.038,0.728,0.124,0.125,0.558,0.557,0.718,0.751,0.760,0.796,0.774,0.772
20:24:10,37.1,0.039,0.805,0.809,0.805,0.844,0.822,0.808,0.808,0.796,0.837,0.841,0.838,0.039,0.825,0.801,0.805,0.812,0.816,0.808,0.824,0.851,0.857,0.841,0.830,0.037,0.815,0.767,0.779,0.826,0.812,0.814,0.820,0.826,0.853,0.842,0.856,0.038,0.818,0.785,0.793,0.798,0.823,0.803,0.801,0.860,0.846,0.836,0.827,0.037,0.813,0.778,0.745,0.800,0.812,0.810,0.804,0.866,0.855,0.849,0.817,0.038,0.816,0.635,0.640,0.775,0.778,0.808,0.809,0.853,0.845,0.839,0.812,0.037,0.817,0.338,0.323,0.696,0.706,0.792,0.785,0.824,0.827,0.806,0.808,0.038,0.727,0.130,0.132,0.575,0.574,0.721,0.754,0.760,0.794,0.772,0.771
20:49:10,37.0,0.039,0.805,0.808,0.804,0.838,0.822,0.809,0.808,0.796,0.836,0.840,0.838,0.039,0.824,0.803,0.807,0.814,0.817,0.809,0.824,0.851,0.857,0.841,0.829,0.037,0.815,0.772,0.780,0.827,0.813,0.814,0.820,0.826,0.852,0.842,0.856,0.038,0.820,0.789,0.795,0.799,0.824,0.804,0.803,0.860,0.847,0.836,0.826,0.037,0.814,0.786,0.750,0.803,0.815,0.810,0.805,0.866,0.855,0.849,0.817,0.038,0.815,0.650,0.657,0.777,0.783,0.810,0.811,0.853,0.845,0.840,0.812,0.037,0.816,0.370,0.354,0.705,0.715,0.794,0.787,0.825,0.827,0.806,0.808,0.038,0.726,0.137,0.139,0.591,0.589,0.723,0.756,0.761,0.793,0.772,0.771
21:14:10,37.0,0.039,0.805,0.808,0.804,0.836,0.822,0.809,0.809,0.796,0.836,0.840,0.838,0.039,0.824,0.805,0.809,0.814,0.818,0.810,0.825,0.850,0.857,0.841,0.829,0.037,0.816,0.774,0.784,0.827,0.812,0.815,0.820,0.825,0.852,0.842,0.855,0.038,0.819,0.792,0.798,0.799,0.825,0.805,0.803,0.861,0.847,0.836,0.826,0.037,0.814,0.793,0.757,0.806,0.817,0.812,0.806,0.865,0.855,0.849,0.818,0.038,0.815,0.665,0.672,0.782,0.788,0.811,0.813,0.853,0.845,0.839,0.812,0.037,0.816,0.401,0.386,0.713,0.722,0.796,0.790,0.824,0.827,0.806,0.808,0.038,0.726,0.145,0.146,0.606,0.606,0.726,0.758,0.757,0.793,0.771,0.769
21:39:10,37.0,0.039,0.806,0.807,0.803,0.835,0.821,0.810,0.809,0.796,0.836,0.840,0.837,0.039,0.824,0.806,0.810,0.815,0.819,0.811,0.826,0.850,0.857,0.841,0.829,0.037,0.816,0.776,0.783,0.828,0.813,0.816,0.822,0.825,0.852,0.842,0.854,0.038,0.819,0.795,0.800,0.800,0.826,0.805,0.804,0.861,0.847,0.835,0.825,0.037,0.815,0.800,0.761,0.808,0.819,0.812,0.807,0.865,0.855,0.849,0.817,0.038,0.816,0.680,0.685,0.787,0.793,0.814,0.815,0.852,0.845,0.839,0.812,0.037,0.815,0.432,0.416,0.720,0.730,0.798,0.791,0.824,0.827,0.806,0.806,0.038,0.726,0.152,0.154,0.619,0.618,0.728,0.760,0.757,0.793,0.770,0.769
22:04:10,37.1,0.039,0.805,0.807,0.803,0.835,0.821,0.810,0.810,0.796,0.836,0.840,0.837,0.039,0.823,0.807,0.811,0.816,0.820,0.813,0.826,0.850,0.856,0.840,0.828,0.037,0.817,0.778,0.785,0.828,0.812,0.816,0.823,0.824,0.853,0.842,0.854,0.037,0.820,0.797,0.800,0.801,0.827,0.806,0.804,0.861,0.847,0.835,0.826,0.037,0.815,0.804,0.766,0.810,0.820,0.813,0.808,0.865,0.855,0.848,0.817,0.038,0.815,0.693,0.698,0.790,0.797,0.815,0.816,0.853,0.845,0.838,0.811,0.037,0.812,0.460,0.446,0.727,0.737,0.800,0.793,0.824,0.827,0.806,0.806,0.038,0.725,0.161,0.163,0.633,0.633,0.730,0.761,0.757,0.792,0.770,0.767
22:29:10,37.0,0.039,0.805,0.807,0.802,0.838,0.821,0.811,0.810,0.796,0.836,0.839,0.837,0.039,0.822,0.808,0.811,0.817,0.820,0.814,0.827,0.850,0.856,0.840,0.828,0.037,0.817,0.779,0.784,0.829,0.813,0.816,0.823,0.825,0.852,0.843,0.852,0.043,0.820,0.798,0.803,0.801,0.828,0.807,0.805,0.862,0.848,0.835,0.825,0.037,0.813,0.809,0.770,0.811,0.822,0.814,0.810,0.865,0.857,0.848,0.817,0.038,0.817,0.703,0.710,0.794,0.801,0.817,0.818,0.852,0.845,0.838,0.812,0.037,0.811,0.487,0.473,0.734,0.743,0.802,0.794,0.823,0.827,0.806,0.806,0.038,0.725,0.170,0.172,0.643,0.642,0.732,0.764,0.756,0.792,0.769,0.766
22:54:10,37.1,0.039,0.805,0.807,0.802,0.836,0.821,0.811,0.810,0.796,0.835,0.839,0.837,0.039,0.822,0.809,0.813,0.818,0.821,0.815,0.828,0.850,0.856,0.841,0.828,0.037,0.818,0.780,0.784,0.829,0.814,0.817,0.823,0.824,0.853,0.843,0.852,0.038,0.820,0.800,0.804,0.802,0.828,0.808,0.807,0.862,0.848,0.836,0.825,0.037,0.814,0.814,0.773,0.814,0.823,0.815,0.811,0.865,0.855,0.848,0.817,0.038,0.817,0.714,0.720,0.798,0.805,0.820,0.820,0.852,0.845,0.838,0.812,0.037,0.814,0.511,0.498,0.739,0.748,0.803,0.796,0.824,0.826,0.807,0.807,0.038,0.724,0.181,0.183,0.655,0.652,0.733,0.765,0.756,0.791,0.769,0.765
23:19:10,37.1,0.039,0.807,0.808,0.802,0.844,0.822,0.811,0.811,0.797,0.837,0.840,0.837,0.039,0.822,0.810,0.814,0.819,0.823,0.816,0.829,0.850,0.857,0.841,0.828,0.037,0.818,0.783,0.783,0.830,0.815,0.817,0.826,0.825,0.853,0.843,0.852,0.038,0.820,0.803,0.806,0.806,0.830,0.810,0.806,0.861,0.848,0.836,0.825,0.037,0.815,0.818,0.778,0.817,0.826,0.817,0.813,0.864,0.855,0.848,0.817,0.038,0.822,0.723,0.730,0.802,0.809,0.821,0.821,0.853,0.845,0.838,0.813,0.037,0.815,0.534,0.521,0.745,0.753,0.804,0.796,0.824,0.827,0.806,0.807,0.038,0.725,0.192,0.195,0.665,0.662,0.735,0.767,0.756,0.790,0.768,0.764
23:44:10,37.0,0.039,0.807,0.809,0.803,0.835,0.822,0.813,0.812,0.797,0.837,0.840,0.837,0.039,0.822,0.811,0.814,0.821,0.824,0.818,0.829,0.851,0.857,0.841,0.828,0.037,0.817,0.782,0.785,0.831,0.815,0.817,0.827,0.826,0.853,0.844,0.852,0.038,0.820,0.805,0.806,0.804,0.831,0.811,0.807,0.863,0.849,0.836,0.826,0.037,0.813,0.822,0.780,0.818,0.828,0.818,0.814,0.865,0.856,0.848,0.818,0.038,0.822,0.731,0.739,0.805,0.812,0.822,0.824,0.852,0.845,0.838,0.813,0.037,0.813,0.554,0.542,0.750,0.759,0.806,0.798,0.824,0.827,0.807,0.806,0.038,0.726,0.205,0.208,0.673,0.671,0.737,0.769,0.755,0.791,0.769,0.763
0:00:00,,,,,,,,,,,,,,,,,,,,,,,,,,,,,,,,,,,,,,,,,,,,,,,,,,,,,,,,,,,,,,,,,,,,,,,,,,,,,,,,,,,,,,,,,,,,,,,,,
0:00:00,,,,,,,,,,,,,,,,,,,,,,,,,,,,,,,,,,,,,,,,,,,,,,,,,,,,,,,,,,,,,,,,,,,,,,,,,,,,,,,,,,,,,,,,,,,,,,,,,
0:00:00,,,,,,,,,,,,,,,,,,,,,,,,,,,,,,,,,,,,,,,,,,,,,,,,,,,,,,,,,,,,,,,,,,,,,,,,,,,,,,,,,,,,,,,,,,,,,,,,,
0:00:00,,,,,,,,,,,,,,,,,,,,,,,,,,,,,,,,,,,,,,,,,,,,,,,,,,,,,,,,,,,,,,,,,,,,,,,,,,,,,,,,,,,,,,,,,,,,,,,,,
0:00:00,,,,,,,,,,,,,,,,,,,,,,,,,,,,,,,,,,,,,,,,,,,,,,,,,,,,,,,,,,,,,,,,,,,,,,,,,,,,,,,,,,,,,,,,,,,,,,,,,
0:00:00,,,,,,,,,,,,,,,,,,,,,,,,,,,,,,,,,,,,,,,,,,,,,,,,,,,,,,,,,,,,,,,,,,,,,,,,,,,,,,,,,,,,,,,,,,,,,,,,,
0:00:00,,,,,,,,,,,,,,,,,,,,,,,,,,,,,,,,,,,,,,,,,,,,,,,,,,,,,,,,,,,,,,,,,,,,,,,,,,,,,,,,,,,,,,,,,,,,,,,,,
0:00:00,,,,,,,,,,,,,,,,,,,,,,,,,,,,,,,,,,,,,,,,,,,,,,,,,,,,,,,,,,,,,,,,,,,,,,,,,,,,,,,,,,,,,,,,,,,,,,,,,
0:00:00,,,,,,,,,,,,,,,,,,,,,,,,,,,,,,,,,,,,,,,,,,,,,,,,,,,,,,,,,,,,,,,,,,,,,,,,,,,,,,,,,,,,,,,,,,,,,,,,,
0:00:00,,,,,,,,,,,,,,,,,,,,,,,,,,,,,,,,,,,,,,,,,,,,,,,,,,,,,,,,,,,,,,,,,,,,,,,,,,,,,,,,,,,,,,,,,,,,,,,,,
0:00:00,,,,,,,,,,,,,,,,,,,,,,,,,,,,,,,,,,,,,,,,,,,,,,,,,,,,,,,,,,,,,,,,,,,,,,,,,,,,,,,,,,,,,,,,,,,,,,,,,
0:00:00,,,,,,,,,,,,,,,,,,,,,,,,,,,,,,,,,,,,,,,,,,,,,,,,,,,,,,,,,,,,,,,,,,,,,,,,,,,,,,,,,,,,,,,,,,,,,,,,,
0:00:00,,,,,,,,,,,,,,,,,,,,,,,,,,,,,,,,,,,,,,,,,,,,,,,,,,,,,,,,,,,,,,,,,,,,,,,,,,,,,,,,,,,,,,,,,,,,,,,,,
0:00:00,,,,,,,,,,,,,,,,,,,,,,,,,,,,,,,,,,,,,,,,,,,,,,,,,,,,,,,,,,,,,,,,,,,,,,,,,,,,,,,,,,,,,,,,,,,,,,,,,
0:00:00,,,,,,,,,,,,,,,,,,,,,,,,,,,,,,,,,,,,,,,,,,,,,,,,,,,,,,,,,,,,,,,,,,,,,,,,,,,,,,,,,,,,,,,,,,,,,,,,,
0:00:00,,,,,,,,,,,,,,,,,,,,,,,,,,,,,,,,,,,,,,,,,,,,,,,,,,,,,,,,,,,,,,,,,,,,,,,,,,,,,,,,,,,,,,,,,,,,,,,,,

