0:09:10,37.1,0.038,0.042,0.042,0.043,0.043,0.043,0.042,0.042,0.043,0.043,0.043,0.044,0.038,0.042,0.042,0.042,0.043,0.042,0.042,0.043,0.043,0.044,0.043,0.042,0.037,0.042,0.042,0.042,0.043,0.042,0.041,0.042,0.054,0.044,0.043,0.043,0.038,0.042,0.041,0.041,0.042,0.042,0.041,0.042,0.042,0.043,0.042,0.042,0.038,0.043,0.041,0.042,0.042,0.041,0.040,0.039,0.041,0.041,0.041,0.042,0.038,0.042,0.041,0.040,0.042,0.041,0.041,0.041,0.041,0.041,0.040,0.042,0.038,0.043,0.041,0.043,0.042,0.043,0.042,0.041,0.041,0.041,0.041,0.042,0.038,0.044,0.041,0.041,0.041,0.042,0.042,0.043,0.041,0.043,0.041,0.042
0:19:10,37.1,0.038,0.042,0.043,0.043,0.043,0.044,0.042,0.042,0.043,0.043,0.043,0.044,0.038,0.043,0.043,0.043,0.044,0.043,0.042,0.043,0.043,0.044,0.043,0.043,0.037,0.043,0.043,0.042,0.044,0.043,0.042,0.043,0.054,0.044,0.043,0.044,0.038,0.042,0.042,0.042,0.043,0.043,0.041,0.043,0.043,0.043,0.043,0.043,0.038,0.043,0.042,0.043,0.042,0.042,0.041,0.041,0.042,0.042,0.042,0.043,0.039,0.043,0.042,0.042,0.043,0.042,0.042,0.042,0.042,0.042,0.041,0.042,0.038,0.043,0.042,0.044,0.043,0.044,0.042,0.042,0.042,0.042,0.042,0.043,0.038,0.044,0.043,0.042,0.042,0.042,0.042,0.043,0.049,0.043,0.042,0.043
0:29:10,37.1,0.038,0.043,0.043,0.044,0.044,0.044,0.043,0.043,0.044,0.044,0.045,0.045,0.038,0.043,0.043,0.043,0.045,0.043,0.043,0.044,0.044,0.045,0.044,0.044,0.037,0.043,0.043,0.043,0.044,0.043,0.042,0.043,0.045,0.045,0.044,0.044,0.038,0.043,0.043,0.042,0.043,0.044,0.042,0.044,0.044,0.044,0.044,0.043,0.038,0.044,0.042,0.043,0.043,0.043,0.042,0.041,0.043,0.043,0.042,0.043,0.039,0.044,0.042,0.043,0.043,0.043,0.043,0.042,0.043,0.043,0.042,0.043,0.038,0.044,0.043,0.044,0.043,0.044,0.047,0.043,0.043,0.043,0.042,0.044,0.038,0.045,0.043,0.043,0.043,0.043,0.043,0.044,0.051,0.044,0.042,0.043
0:39:10,37.0,0.038,0.044,0.044,0.044,0.044,0.045,0.043,0.043,0.070,0.045,0.045,0.045,0.038,0.044,0.044,0.044,0.045,0.044,0.043,0.044,0.044,0.052,0.044,0.044,0.037,0.044,0.044,0.043,0.045,0.044,0.043,0.044,0.045,0.046,0.045,0.045,0.038,0.044,0.043,0.043,0.044,0.044,0.043,0.045,0.044,0.045,0.044,0.044,0.038,0.044,0.043,0.044,0.043,0.043,0.043,0.042,0.043,0.043,0.043,0.044,0.039,0.044,0.043,0.043,0.044,0.043,0.044,0.043,0.044,0.043,0.042,0.043,0.038,0.045,0.043,0.045,0.043,0.045,0.048,0.043,0.044,0.043,0.043,0.044,0.038,0.045,0.043,0.043,0.043,0.043,0.043,0.044,0.044,0.051,0.043,0.044
0:49:10,37.1,0.038,0.044,0.044,0.045,0.045,0.045,0.044,0.044,0.045,0.045,0.048,0.046,0.038,0.044,0.044,0.045,0.046,0.045,0.044,0.045,0.045,0.046,0.045,0.045,0.037,0.044,0.044,0.044,0.045,0.044,0.043,0.044,0.046,0.047,0.045,0.045,0.038,0.044,0.044,0.043,0.044,0.044,0.043,0.045,0.045,0.045,0.045,0.045,0.038,0.045,0.043,0.044,0.044,0.044,0.043,0.042,0.044,0.044,0.044,0.044,0.039,0.045,0.043,0.043,0.044,0.043,0.044,0.043,0.044,0.043,0.043,0.044,0.038,0.045,0.043,0.045,0.043,0.045,0.044,0.044,0.045,0.044,0.043,0.044,0.038,0.046,0.043,0.043,0.043,0.043,0.044,0.045,0.052,0.045,0.043,0.044
0:59:10,37.1,0.037,0.045,0.045,0.046,0.046,0.046,0.044,0.044,0.046,0.046,0.046,0.046,0.038,0.045,0.045,0.045,0.046,0.045,0.044,0.045,0.046,0.047,0.046,0.045,0.037,0.045,0.045,0.045,0.046,0.045,0.044,0.045,0.052,0.047,0.046,0.046,0.038,0.045,0.044,0.044,0.045,0.045,0.044,0.045,0.046,0.046,0.045,0.045,0.038,0.046,0.044,0.044,0.044,0.044,0.044,0.043,0.044,0.044,0.044,0.045,0.039,0.045,0.044,0.044,0.045,0.044,0.045,0.044,0.045,0.044,0.043,0.044,0.038,0.046,0.044,0.045,0.044,0.045,0.047,0.044,0.045,0.044,0.044,0.045,0.038,0.047,0.044,0.044,0.043,0.044,0.044,0.045,0.048,0.046,0.048,0.045
1:09:10,37.0,0.038,0.046,0.046,0.046,0.047,0.047,0.045,0.045,0.046,0.047,0.046,0.047,0.038,0.046,0.046,0.046,0.047,0.046,0.045,0.046,0.047,0.048,0.046,0.046,0.037,0.046,0.046,0.045,0.047,0.046,0.045,0.045,0.047,0.048,0.046,0.047,0.038,0.046,0.045,0.044,0.045,0.046,0.044,0.046,0.046,0.047,0.046,0.046,0.038,0.046,0.044,0.045,0.045,0.045,0.044,0.043,0.045,0.045,0.045,0.046,0.039,0.046,0.044,0.044,0.045,0.044,0.045,0.044,0.045,0.045,0.044,0.045,0.038,0.047,0.044,0.045,0.044,0.046,0.047,0.045,0.046,0.045,0.045,0.045,0.038,0.048,0.044,0.044,0.043,0.044,0.045,0.045,0.053,0.047,0.044,0.045
1:19:10,37.1,0.038,0.047,0.047,0.047,0.048,0.048,0.046,0.046,0.047,0.048,0.047,0.048,0.038,0.047,0.046,0.047,0.048,0.047,0.046,0.047,0.048,0.048,0.047,0.047,0.037,0.047,0.047,0.046,0.048,0.047,0.046,0.046,0.048,0.049,0.047,0.048,0.038,0.047,0.046,0.045,0.046,0.047,0.045,0.047,0.048,0.048,0.047,0.047,0.038,0.047,0.044,0.046,0.046,0.045,0.045,0.044,0.046,0.046,0.045,0.046,0.039,0.047,0.045,0.045,0.046,0.045,0.046,0.045,0.046,0.046,0.045,0.046,0.038,0.048,0.044,0.046,0.045,0.046,0.046,0.046,0.047,0.046,0.045,0.046,0.038,0.049,0.044,0.044,0.044,0.044,0.045,0.046,0.054,0.049,0.045,0.046
1:29:10,37.1,0.038,0.048,0.048,0.048,0.049,0.049,0.047,0.047,0.048,0.049,0.048,0.048,0.038,0.048,0.047,0.048,0.049,0.048,0.047,0.048,0.049,0.049,0.048,0.047,0.037,0.048,0.047,0.046,0.049,0.048,0.046,0.047,0.055,0.050,0.048,0.048,0.038,0.048,0.046,0.046,0.047,0.048,0.046,0.047,0.048,0.049,0.047,0.047,0.038,0.048,0.045,0.046,0.046,0.046,0.046,0.045,0.047,0.053,0.046,0.047,0.039,0.048,0.045,0.045,0.047,0.045,0.046,0.046,0.047,0.047,0.045,0.047,0.038,0.048,0.045,0.046,0.045,0.047,0.046,0.046,0.047,0.046,0.046,0.047,0.038,0.050,0.045,0.044,0.044,0.045,0.046,0.046,0.048,0.049,0.046,0.047
1:39:10,37.1,0.038,0.049,0.049,0.049,0.050,0.050,0.048,0.048,0.049,0.050,0.049,0.049,0.038,0.049,0.048,0.048,0.050,0.049,0.048,0.049,0.050,0.050,0.049,0.048,0.037,0.049,0.048,0.047,0.050,0.049,0.047,0.048,0.050,0.051,0.049,0.049,0.038,0.049,0.047,0.046,0.048,0.049,0.047,0.050,0.050,0.050,0.048,0.048,0.038,0.049,0.045,0.047,0.047,0.047,0.046,0.045,0.048,0.054,0.047,0.048,0.039,0.049,0.045,0.046,0.047,0.046,0.047,0.047,0.048,0.048,0.046,0.048,0.038,0.049,0.045,0.047,0.046,0.047,0.047,0.046,0.048,0.047,0.047,0.048,0.038,0.051,0.045,0.045,0.045,0.045,0.046,0.047,0.049,0.055,0.047,0.048
1:49:10,37.1,0.038,0.050,0.050,0.050,0.051,0.051,0.049,0.049,0.050,0.051,0.050,0.050,0.038,0.050,0.049,0.049,0.051,0.050,0.049,0.050,0.051,0.051,0.049,0.049,0.037,0.050,0.049,0.048,0.050,0.050,0.048,0.049,0.051,0.052,0.050,0.050,0.038,0.050,0.048,0.047,0.049,0.049,0.048,0.049,0.051,0.051,0.049,0.049,0.038,0.050,0.046,0.047,0.048,0.047,0.047,0.046,0.049,0.056,0.048,0.049,0.039,0.050,0.046,0.046,0.048,0.046,0.048,0.047,0.049,0.048,0.047,0.049,0.038,0.053,0.045,0.047,0.046,0.048,0.048,0.047,0.049,0.048,0.048,0.049,0.038,0.052,0.045,0.045,0.045,0.045,0.047,0.048,0.054,0.056,0.048,0.049
1:59:10,37.0,0.038,0.051,0.051,0.051,0.052,0.052,0.050,0.050,0.051,0.052,0.051,0.051,0.038,0.051,0.050,0.050,0.052,0.051,0.050,0.050,0.051,0.052,0.050,0.050,0.037,0.051,0.050,0.049,0.051,0.051,0.049,0.050,0.052,0.053,0.050,0.051,0.038,0.051,0.048,0.048,0.050,0.050,0.049,0.051,0.052,0.052,0.050,0.050,0.038,0.051,0.046,0.048,0.048,0.048,0.048,0.047,0.050,0.056,0.049,0.050,0.039,0.051,0.046,0.047,0.049,0.047,0.049,0.048,0.050,0.050,0.048,0.050,0.038,0.054,0.046,0.047,0.047,0.048,0.052,0.048,0.050,0.049,0.049,0.050,0.038,0.053,0.046,0.045,0.045,0.046,0.047,0.048,0.070,0.056,0.048,0.050
2:09:10,37.1,0.038,0.052,0.052,0.052,0.053,0.053,0.051,0.051,0.053,0.053,0.052,0.052,0.039,0.052,0.051,0.051,0.053,0.052,0.051,0.052,0.053,0.053,0.051,0.051,0.037,0.052,0.051,0.050,0.053,0.052,0.050,0.051,0.053,0.054,0.051,0.052,0.038,0.052,0.049,0.049,0.051,0.051,0.050,0.051,0.053,0.053,0.051,0.051,0.038,0.052,0.047,0.048,0.049,0.049,0.049,0.048,0.051,0.057,0.050,0.051,0.039,0.052,0.047,0.047,0.049,0.048,0.049,0.049,0.051,0.051,0.049,0.051,0.038,0.053,0.046,0.046,0.047,0.049,0.050,0.049,0.051,0.050,0.050,0.051,0.038,0.054,0.046,0.046,0.046,0.046,0.048,0.049,0.069,0.056,0.049,0.051
2:19:10,37.0,0.038,0.053,0.053,0.053,0.054,0.054,0.052,0.052,0.054,0.054,0.053,0.054,0.038,0.053,0.052,0.052,0.054,0.053,0.052,0.053,0.054,0.054,0.052,0.053,0.037,0.053,0.052,0.051,0.054,0.053,0.051,0.052,0.055,0.055,0.052,0.053,0.038,0.053,0.050,0.050,0.052,0.052,0.051,0.052,0.054,0.054,0.052,0.052,0.038,0.054,0.048,0.049,0.050,0.049,0.050,0.049,0.052,0.058,0.051,0.052,0.039,0.054,0.048,0.048,0.050,0.048,0.050,0.050,0.052,0.052,0.050,0.052,0.038,0.057,0.047,0.048,0.048,0.049,0.054,0.049,0.052,0.051,0.051,0.052,0.038,0.055,0.046,0.046,0.046,0.046,0.048,0.049,0.062,0.060,0.050,0.052
2:29:10,37.1,0.038,0.054,0.054,0.054,0.056,0.056,0.053,0.054,0.055,0.055,0.054,0.055,0.038,0.054,0.053,0.053,0.056,0.055,0.053,0.054,0.055,0.056,0.054,0.054,0.037,0.055,0.053,0.052,0.055,0.055,0.053,0.053,0.056,0.057,0.054,0.054,0.038,0.054,0.051,0.050,0.053,0.053,0.052,0.053,0.056,0.056,0.053,0.054,0.038,0.055,0.048,0.049,0.051,0.051,0.051,0.050,0.053,0.060,0.052,0.053,0.039,0.055,0.048,0.048,0.050,0.049,0.051,0.051,0.053,0.053,0.051,0.053,0.038,0.055,0.047,0.049,0.048,0.050,0.055,0.050,0.053,0.052,0.052,0.053,0.038,0.057,0.047,0.046,0.046,0.047,0.049,0.050,0.071,0.060,0.051,0.053
2:39:10,37.0,0.038,0.055,0.056,0.056,0.057,0.057,0.054,0.055,0.061,0.057,0.056,0.057,0.038,0.056,0.054,0.054,0.057,0.056,0.055,0.055,0.057,0.057,0.055,0.055,0.037,0.056,0.054,0.053,0.056,0.056,0.054,0.054,0.058,0.058,0.055,0.056,0.038,0.056,0.052,0.051,0.054,0.055,0.053,0.054,0.057,0.057,0.055,0.055,0.038,0.056,0.049,0.050,0.051,0.051,0.052,0.051,0.054,0.061,0.053,0.055,0.039,0.056,0.048,0.049,0.051,0.049,0.052,0.052,0.055,0.054,0.053,0.055,0.038,0.059,0.047,0.049,0.049,0.050,0.052,0.051,0.055,0.053,0.053,0.055,0.038,0.058,0.047,0.046,0.047,0.047,0.050,0.051,0.075,0.056,0.052,0.054
2:49:10,37.1,0.038,0.057,0.057,0.057,0.058,0.058,0.056,0.056,0.072,0.058,0.057,0.058,0.038,0.057,0.055,0.056,0.058,0.057,0.056,0.057,0.058,0.059,0.057,0.057,0.037,0.058,0.056,0.054,0.058,0.057,0.055,0.056,0.059,0.060,0.056,0.057,0.038,0.057,0.053,0.052,0.055,0.056,0.055,0.056,0.059,0.059,0.056,0.056,0.038,0.058,0.049,0.050,0.052,0.052,0.053,0.052,0.056,0.063,0.055,0.056,0.039,0.058,0.049,0.049,0.052,0.050,0.053,0.053,0.056,0.055,0.054,0.056,0.038,0.058,0.048,0.049,0.049,0.051,0.057,0.051,0.056,0.055,0.055,0.056,0.038,0.059,0.047,0.047,0.047,0.048,0.050,0.051,0.070,0.057,0.054,0.056
2:59:10,37.0,0.038,0.058,0.058,0.059,0.060,0.060,0.057,0.058,0.079,0.060,0.059,0.060,0.038,0.059,0.057,0.057,0.060,0.059,0.058,0.058,0.060,0.060,0.058,0.059,0.037,0.059,0.062,0.055,0.059,0.059,0.057,0.057,0.061,0.061,0.058,0.059,0.038,0.059,0.054,0.053,0.057,0.057,0.056,0.057,0.060,0.061,0.058,0.058,0.038,0.059,0.050,0.051,0.053,0.053,0.054,0.053,0.058,0.065,0.056,0.058,0.039,0.059,0.049,0.050,0.053,0.051,0.054,0.054,0.058,0.057,0.056,0.058,0.038,0.059,0.048,0.050,0.050,0.051,0.057,0.052,0.057,0.056,0.056,0.058,0.038,0.061,0.048,0.047,0.048,0.048,0.051,0.052,0.073,0.059,0.055,0.057
3:09:10,37.1,0.038,0.060,0.060,0.061,0.062,0.062,0.059,0.060,0.073,0.062,0.060,0.061,0.038,0.061,0.058,0.058,0.062,0.061,0.060,0.060,0.062,0.062,0.060,0.060,0.037,0.061,0.063,0.057,0.061,0.061,0.059,0.059,0.063,0.064,0.060,0.060,0.038,0.061,0.055,0.054,0.059,0.059,0.058,0.058,0.063,0.063,0.059,0.060,0.038,0.061,0.051,0.052,0.054,0.054,0.056,0.054,0.059,0.066,0.058,0.059,0.039,0.061,0.050,0.050,0.054,0.052,0.055,0.055,0.060,0.059,0.057,0.059,0.038,0.062,0.048,0.050,0.050,0.052,0.054,0.053,0.059,0.058,0.058,0.059,0.038,0.063,0.048,0.047,0.048,0.049,0.052,0.053,0.076,0.060,0.056,0.058
3:19:10,37.0,0.038,0.062,0.062,0.063,0.064,0.064,0.061,0.062,0.088,0.064,0.062,0.064,0.038,0.063,0.060,0.060,0.064,0.063,0.062,0.062,0.064,0.065,0.062,0.062,0.037,0.064,0.064,0.058,0.063,0.063,0.061,0.061,0.065,0.066,0.062,0.063,0.038,0.063,0.056,0.055,0.060,0.061,0.060,0.060,0.065,0.065,0.061,0.062,0.038,0.063,0.051,0.053,0.056,0.055,0.057,0.056,0.076,0.069,0.059,0.061,0.039,0.063,0.051,0.051,0.055,0.053,0.057,0.057,0.061,0.061,0.059,0.061,0.038,0.064,0.048,0.050,0.051,0.052,0.056,0.054,0.061,0.059,0.060,0.061,0.038,0.065,0.048,0.047,0.049,0.049,0.053,0.053,0.076,0.062,0.058,0.060
3:29:10,37.0,0.038,0.064,0.064,0.065,0.066,0.066,0.063,0.065,0.078,0.067,0.065,0.066,0.038,0.065,0.062,0.062,0.066,0.066,0.064,0.064,0.067,0.067,0.064,0.064,0.037,0.066,0.067,0.059,0.065,0.065,0.064,0.063,0.068,0.068,0.064,0.064,0.038,0.065,0.057,0.056,0.062,0.063,0.062,0.062,0.068,0.068,0.063,0.064,0.038,0.066,0.052,0.053,0.057,0.056,0.059,0.057,0.067,0.071,0.061,0.063,0.039,0.065,0.051,0.051,0.056,0.053,0.058,0.058,0.064,0.063,0.061,0.063,0.038,0.065,0.049,0.051,0.051,0.053,0.059,0.055,0.063,0.061,0.061,0.063,0.038,0.067,0.049,0.048,0.049,0.049,0.053,0.054,0.081,0.064,0.060,0.062
3:39:10,37.0,0.038,0.065,0.066,0.067,0.069,0.069,0.066,0.067,0.068,0.069,0.067,0.068,0.038,0.068,0.064,0.064,0.069,0.068,0.067,0.067,0.069,0.070,0.066,0.066,0.037,0.069,0.068,0.061,0.067,0.068,0.066,0.065,0.071,0.071,0.066,0.067,0.038,0.068,0.059,0.058,0.064,0.065,0.065,0.065,0.071,0.071,0.066,0.066,0.038,0.068,0.053,0.055,0.058,0.058,0.061,0.059,0.066,0.074,0.064,0.065,0.039,0.068,0.052,0.052,0.057,0.054,0.060,0.060,0.066,0.066,0.063,0.065,0.038,0.070,0.049,0.051,0.052,0.054,0.060,0.057,0.065,0.064,0.064,0.066,0.038,0.069,0.049,0.048,0.049,0.050,0.054,0.055,0.080,0.066,0.062,0.064
3:49:10,37.0,0.038,0.068,0.068,0.070,0.072,0.071,0.069,0.070,0.102,0.072,0.069,0.071,0.038,0.070,0.066,0.066,0.071,0.071,0.070,0.069,0.072,0.072,0.068,0.069,0.037,0.072,0.071,0.063,0.070,0.070,0.069,0.068,0.074,0.074,0.068,0.069,0.038,0.070,0.060,0.059,0.066,0.067,0.067,0.067,0.074,0.074,0.068,0.068,0.038,0.071,0.054,0.055,0.060,0.059,0.063,0.061,0.074,0.077,0.066,0.068,0.039,0.071,0.052,0.053,0.058,0.056,0.062,0.062,0.069,0.068,0.065,0.068,0.038,0.070,0.050,0.052,0.053,0.054,0.063,0.058,0.067,0.066,0.066,0.068,0.038,0.072,0.049,0.049,0.050,0.050,0.055,0.056,0.084,0.071,0.064,0.067
3:59:10,37.1,0.038,0.071,0.071,0.072,0.074,0.075,0.072,0.074,0.101,0.075,0.072,0.073,0.038,0.073,0.068,0.068,0.074,0.074,0.072,0.072,0.075,0.076,0.071,0.071,0.037,0.075,0.073,0.065,0.072,0.073,0.072,0.070,0.077,0.077,0.071,0.071,0.038,0.074,0.062,0.061,0.068,0.069,0.070,0.069,0.077,0.077,0.070,0.071,0.038,0.074,0.054,0.056,0.061,0.060,0.065,0.063,0.072,0.080,0.069,0.070,0.039,0.099,0.053,0.053,0.059,0.056,0.063,0.064,0.072,0.071,0.068,0.070,0.038,0.074,0.050,0.052,0.053,0.055,0.061,0.059,0.070,0.068,0.068,0.070,0.038,0.074,0.050,0.049,0.050,0.051,0.056,0.057,0.087,0.075,0.066,0.069
4:09:10,37.0,0.038,0.073,0.075,0.075,0.078,0.078,0.075,0.077,0.092,0.079,0.075,0.076,0.038,0.077,0.071,0.071,0.077,0.077,0.076,0.076,0.079,0.079,0.074,0.074,0.037,0.078,0.075,0.067,0.075,0.076,0.075,0.073,0.081,0.080,0.074,0.074,0.038,0.077,0.064,0.063,0.072,0.071,0.073,0.072,0.081,0.081,0.074,0.074,0.038,0.078,0.056,0.057,0.063,0.062,0.068,0.066,0.076,0.082,0.071,0.073,0.039,0.102,0.054,0.054,0.060,0.058,0.066,0.066,0.075,0.074,0.070,0.073,0.038,0.078,0.051,0.053,0.054,0.056,0.062,0.060,0.072,0.071,0.071,0.073,0.038,0.077,0.050,0.049,0.051,0.051,0.057,0.058,0.085,0.075,0.069,0.072
4:19:10,37.0,0.038,0.076,0.078,0.078,0.082,0.082,0.079,0.081,0.094,0.083,0.078,0.080,0.038,0.080,0.073,0.074,0.080,0.081,0.080,0.079,0.083,0.082,0.077,0.077,0.037,0.082,0.077,0.069,0.079,0.080,0.079,0.076,0.085,0.084,0.077,0.077,0.038,0.081,0.065,0.064,0.073,0.074,0.077,0.075,0.085,0.085,0.077,0.076,0.038,0.081,0.056,0.058,0.065,0.064,0.070,0.068,0.079,0.092,0.074,0.076,0.039,0.080,0.054,0.055,0.061,0.059,0.067,0.068,0.078,0.078,0.073,0.076,0.038,0.082,0.051,0.053,0.054,0.056,0.066,0.062,0.076,0.074,0.073,0.076,0.038,0.081,0.050,0.049,0.051,0.051,0.058,0.059,0.086,0.077,0.071,0.074
4:29:10,37.0,0.038,0.079,0.082,0.082,0.086,0.086,0.083,0.085,0.085,0.087,0.082,0.084,0.038,0.084,0.076,0.076,0.084,0.085,0.084,0.083,0.087,0.087,0.080,0.081,0.037,0.086,0.078,0.072,0.082,0.084,0.083,0.080,0.090,0.088,0.080,0.081,0.038,0.085,0.067,0.066,0.077,0.077,0.081,0.079,0.090,0.089,0.080,0.080,0.038,0.085,0.057,0.060,0.066,0.065,0.073,0.071,0.084,0.096,0.078,0.079,0.039,0.094,0.055,0.056,0.062,0.060,0.070,0.070,0.082,0.081,0.077,0.080,0.038,0.084,0.052,0.054,0.055,0.057,0.066,0.064,0.079,0.077,0.076,0.079,0.038,0.084,0.051,0.050,0.052,0.052,0.060,0.061,0.090,0.080,0.074,0.078
4:39:10,37.0,0.038,0.084,0.086,0.085,0.091,0.092,0.088,0.091,0.090,0.091,0.086,0.088,0.038,0.088,0.080,0.080,0.088,0.089,0.089,0.088,0.092,0.092,0.084,0.084,0.037,0.091,0.083,0.074,0.086,0.088,0.088,0.084,0.095,0.093,0.084,0.084,0.038,0.089,0.069,0.068,0.079,0.080,0.086,0.083,0.095,0.094,0.084,0.084,0.038,0.089,0.059,0.061,0.068,0.067,0.076,0.074,0.104,0.100,0.082,0.083,0.039,0.088,0.056,0.056,0.064,0.061,0.072,0.073,0.086,0.086,0.081,0.084,0.038,0.086,0.052,0.054,0.056,0.058,0.070,0.066,0.083,0.081,0.080,0.083,0.038,0.089,0.051,0.050,0.052,0.053,0.061,0.062,0.092,0.086,0.078,0.081
4:49:10,36.9,0.038,0.088,0.090,0.090,0.096,0.096,0.093,0.096,0.096,0.097,0.090,0.092,0.038,0.092,0.083,0.083,0.092,0.093,0.095,0.092,0.097,0.097,0.088,0.088,0.037,0.096,0.086,0.077,0.090,0.092,0.094,0.089,0.100,0.099,0.088,0.088,0.038,0.094,0.071,0.070,0.083,0.083,0.091,0.087,0.100,0.100,0.088,0.087,0.038,0.094,0.059,0.062,0.070,0.069,0.081,0.078,0.093,0.105,0.086,0.086,0.039,0.092,0.057,0.057,0.065,0.063,0.075,0.076,0.090,0.090,0.085,0.088,0.038,0.090,0.052,0.054,0.057,0.058,0.073,0.067,0.086,0.085,0.084,0.086,0.038,0.093,0.051,0.050,0.053,0.053,0.063,0.063,0.101,0.088,0.081,0.085
4:59:10,37.1,0.038,0.093,0.095,0.094,0.101,0.102,0.099,0.102,0.101,0.102,0.095,0.097,0.038,0.097,0.086,0.086,0.096,0.098,0.101,0.097,0.103,0.103,0.092,0.092,0.037,0.101,0.090,0.080,0.094,0.097,0.101,0.094,0.107,0.104,0.093,0.092,0.038,0.099,0.074,0.072,0.086,0.087,0.096,0.092,0.106,0.106,0.093,0.092,0.038,0.099,0.061,0.063,0.072,0.071,0.086,0.083,0.099,0.111,0.091,0.090,0.039,0.122,0.057,0.058,0.067,0.064,0.078,0.079,0.095,0.095,0.090,0.093,0.038,0.095,0.053,0.054,0.057,0.059,0.076,0.070,0.090,0.089,0.088,0.091,0.038,0.098,0.052,0.051,0.053,0.054,0.064,0.065,0.100,0.092,0.086,0.089
5:09:10,37.0,0.038,0.098,0.100,0.099,0.107,0.108,0.106,0.110,0.108,0.108,0.100,0.103,0.038,0.102,0.090,0.091,0.101,0.103,0.108,0.103,0.110,0.109,0.098,0.097,0.037,0.107,0.094,0.084,0.099,0.102,0.107,0.100,0.114,0.111,0.098,0.097,0.038,0.105,0.076,0.075,0.091,0.091,0.102,0.098,0.114,0.113,0.098,0.096,0.038,0.105,0.062,0.064,0.075,0.073,0.091,0.088,0.118,0.117,0.096,0.095,0.039,0.127,0.058,0.059,0.068,0.066,0.081,0.083,0.100,0.101,0.095,0.097,0.038,0.100,0.053,0.056,0.059,0.060,0.079,0.072,0.093,0.095,0.092,0.096,0.038,0.103,0.052,0.051,0.054,0.054,0.066,0.067,0.097,0.097,0.091,0.094
5:19:10,37.1,0.038,0.105,0.106,0.105,0.114,0.116,0.113,0.117,0.115,0.115,0.106,0.109,0.038,0.108,0.094,0.095,0.107,0.108,0.116,0.110,0.120,0.116,0.102,0.102,0.037,0.114,0.096,0.087,0.104,0.107,0.115,0.106,0.124,0.118,0.103,0.102,0.038,0.111,0.079,0.077,0.095,0.095,0.108,0.104,0.122,0.121,0.105,0.102,0.038,0.111,0.064,0.066,0.077,0.076,0.097,0.092,0.113,0.125,0.102,0.101,0.039,0.109,0.059,0.060,0.070,0.067,0.084,0.088,0.106,0.108,0.101,0.103,0.038,0.106,0.054,0.056,0.059,0.061,0.081,0.075,0.098,0.101,0.098,0.101,0.038,0.109,0.053,0.052,0.055,0.055,0.068,0.068,0.108,0.103,0.096,0.099
5:29:10,37.1,0.038,0.111,0.112,0.114,0.122,0.123,0.122,0.126,0.124,0.123,0.113,0.116,0.038,0.114,0.098,0.099,0.115,0.114,0.123,0.118,0.129,0.124,0.109,0.108,0.037,0.119,0.098,0.091,0.111,0.114,0.123,0.113,0.132,0.127,0.110,0.108,0.038,0.118,0.082,0.080,0.100,0.100,0.116,0.111,0.130,0.131,0.111,0.108,0.038,0.117,0.065,0.067,0.080,0.079,0.103,0.098,0.121,0.133,0.108,0.106,0.039,0.115,0.060,0.061,0.072,0.069,0.088,0.091,0.113,0.116,0.106,0.109,0.038,0.111,0.055,0.057,0.060,0.062,0.082,0.078,0.102,0.110,0.104,0.107,0.038,0.116,0.053,0.052,0.056,0.056,0.069,0.070,0.115,0.108,0.103,0.105
5:39:10,37.1,0.038,0.118,0.119,0.122,0.130,0.132,0.131,0.136,0.132,0.132,0.120,0.123,0.038,0.120,0.102,0.104,0.123,0.120,0.133,0.126,0.139,0.133,0.116,0.114,0.037,0.127,0.103,0.094,0.115,0.120,0.133,0.120,0.142,0.136,0.117,0.114,0.038,0.125,0.085,0.083,0.104,0.104,0.124,0.117,0.140,0.145,0.118,0.113,0.038,0.124,0.066,0.069,0.083,0.082,0.109,0.103,0.174,0.140,0.115,0.113,0.039,0.121,0.061,0.061,0.073,0.071,0.092,0.097,0.120,0.126,0.114,0.116,0.038,0.120,0.055,0.057,0.061,0.063,0.086,0.080,0.107,0.118,0.109,0.113,0.038,0.123,0.053,0.052,0.056,0.057,0.071,0.072,0.126,0.114,0.108,0.111
5:49:10,37.1,0.038,0.126,0.126,0.130,0.139,0.142,0.141,0.147,0.143,0.140,0.127,0.131,0.038,0.128,0.107,0.109,0.131,0.128,0.143,0.134,0.152,0.143,0.123,0.121,0.037,0.134,0.108,0.099,0.121,0.127,0.143,0.129,0.154,0.146,0.125,0.122,0.038,0.133,0.088,0.086,0.109,0.110,0.133,0.126,0.150,0.158,0.126,0.121,0.038,0.131,0.068,0.070,0.086,0.085,0.116,0.110,0.164,0.162,0.123,0.119,0.039,0.134,0.062,0.063,0.075,0.073,0.097,0.102,0.129,0.140,0.122,0.123,0.038,0.126,0.056,0.058,0.063,0.064,0.086,0.083,0.112,0.128,0.117,0.120,0.038,0.131,0.054,0.053,0.057,0.057,0.073,0.074,0.129,0.122,0.115,0.118
5:59:10,37.1,0.038,0.135,0.135,0.139,0.149,0.153,0.152,0.159,0.156,0.151,0.136,0.141,0.038,0.137,0.113,0.115,0.140,0.136,0.154,0.144,0.165,0.154,0.132,0.130,0.037,0.142,0.113,0.103,0.131,0.134,0.154,0.140,0.167,0.158,0.134,0.130,0.038,0.141,0.091,0.089,0.115,0.116,0.143,0.134,0.162,0.173,0.134,0.129,0.038,0.140,0.069,0.072,0.089,0.088,0.125,0.118,0.183,0.174,0.132,0.127,0.039,0.136,0.063,0.064,0.077,0.075,0.102,0.108,0.138,0.153,0.131,0.131,0.038,0.135,0.056,0.059,0.064,0.066,0.091,0.086,0.119,0.137,0.124,0.129,0.038,0.139,0.054,0.053,0.058,0.058,0.075,0.076,0.131,0.129,0.123,0.125
6:09:10,37.0,0.038,0.144,0.144,0.151,0.161,0.165,0.165,0.173,0.169,0.163,0.145,0.150,0.038,0.146,0.118,0.121,0.150,0.144,0.166,0.156,0.180,0.166,0.141,0.138,0.037,0.150,0.119,0.108,0.139,0.141,0.167,0.150,0.183,0.171,0.143,0.138,0.038,0.149,0.095,0.093,0.121,0.121,0.154,0.144,0.185,0.190,0.144,0.137,0.038,0.149,0.071,0.074,0.092,0.094,0.133,0.125,0.194,0.179,0.141,0.136,0.039,0.144,0.064,0.065,0.080,0.077,0.116,0.114,0.150,0.165,0.141,0.140,0.038,0.143,0.057,0.059,0.065,0.067,0.095,0.090,0.128,0.149,0.133,0.137,0.038,0.146,0.055,0.054,0.058,0.059,0.077,0.078,0.143,0.140,0.132,0.134
6:19:10,37.0,0.038,0.153,0.155,0.161,0.176,0.180,0.178,0.188,0.182,0.175,0.155,0.162,0.038,0.159,0.124,0.127,0.162,0.154,0.180,0.167,0.195,0.181,0.153,0.147,0.037,0.159,0.127,0.113,0.144,0.149,0.181,0.162,0.199,0.185,0.155,0.148,0.038,0.158,0.099,0.097,0.127,0.129,0.167,0.156,0.202,0.208,0.156,0.147,0.038,0.157,0.073,0.075,0.096,0.099,0.142,0.135,0.210,0.194,0.153,0.145,0.039,0.153,0.066,0.066,0.082,0.080,0.124,0.121,0.161,0.179,0.154,0.151,0.038,0.152,0.058,0.060,0.067,0.068,0.100,0.094,0.136,0.161,0.142,0.148,0.038,0.154,0.055,0.054,0.059,0.059,0.080,0.081,0.148,0.150,0.142,0.143
6:29:10,37.0,0.038,0.164,0.165,0.175,0.186,0.194,0.193,0.204,0.196,0.190,0.168,0.174,0.038,0.170,0.131,0.133,0.175,0.165,0.198,0.181,0.214,0.196,0.164,0.158,0.037,0.169,0.134,0.119,0.153,0.156,0.199,0.175,0.217,0.203,0.167,0.159,0.038,0.167,0.102,0.101,0.134,0.137,0.181,0.168,0.221,0.228,0.168,0.157,0.038,0.167,0.075,0.078,0.101,0.104,0.154,0.144,0.219,0.215,0.165,0.156,0.039,0.175,0.067,0.067,0.085,0.083,0.140,0.128,0.178,0.197,0.164,0.162,0.038,0.165,0.058,0.060,0.068,0.070,0.104,0.098,0.148,0.174,0.153,0.158,0.038,0.165,0.055,0.054,0.060,0.060,0.083,0.084,0.179,0.158,0.152,0.153
6:39:10,37.1,0.038,0.175,0.172,0.190,0.203,0.210,0.211,0.223,0.214,0.208,0.182,0.189,0.038,0.188,0.140,0.140,0.188,0.190,0.214,0.195,0.234,0.213,0.177,0.169,0.037,0.180,0.140,0.125,0.165,0.164,0.217,0.191,0.237,0.220,0.181,0.172,0.038,0.177,0.107,0.105,0.141,0.146,0.197,0.183,0.242,0.251,0.182,0.169,0.038,0.178,0.077,0.080,0.105,0.110,0.167,0.155,0.240,0.235,0.178,0.168,0.039,0.171,0.068,0.069,0.087,0.086,0.146,0.138,0.203,0.214,0.179,0.174,0.038,0.173,0.059,0.061,0.069,0.072,0.110,0.103,0.163,0.189,0.165,0.169,0.038,0.175,0.056,0.055,0.061,0.061,0.086,0.088,0.171,0.173,0.165,0.165
6:49:10,37.1,0.038,0.188,0.191,0.206,0.220,0.229,0.230,0.244,0.234,0.226,0.196,0.204,0.038,0.204,0.149,0.147,0.203,0.211,0.235,0.213,0.255,0.232,0.191,0.183,0.037,0.191,0.145,0.132,0.174,0.172,0.237,0.207,0.259,0.240,0.196,0.185,0.038,0.189,0.111,0.110,0.149,0.157,0.215,0.198,0.265,0.274,0.198,0.183,0.038,0.190,0.079,0.082,0.111,0.116,0.179,0.167,0.264,0.258,0.192,0.181,0.039,0.182,0.070,0.070,0.090,0.090,0.155,0.146,0.221,0.233,0.194,0.188,0.038,0.187,0.059,0.062,0.071,0.074,0.117,0.107,0.193,0.205,0.177,0.182,0.038,0.185,0.057,0.056,0.061,0.062,0.089,0.091,0.188,0.187,0.178,0.178
6:59:10,37.0,0.038,0.201,0.207,0.223,0.237,0.251,0.251,0.265,0.256,0.247,0.213,0.221,0.038,0.225,0.170,0.154,0.219,0.226,0.257,0.232,0.280,0.254,0.207,0.199,0.037,0.202,0.151,0.140,0.186,0.181,0.259,0.225,0.286,0.264,0.214,0.201,0.038,0.202,0.116,0.116,0.159,0.178,0.235,0.215,0.290,0.302,0.215,0.197,0.038,0.202,0.082,0.085,0.117,0.122,0.193,0.179,0.290,0.284,0.210,0.196,0.039,0.194,0.071,0.072,0.094,0.095,0.166,0.156,0.240,0.256,0.211,0.204,0.038,0.206,0.060,0.063,0.073,0.075,0.122,0.112,0.213,0.224,0.192,0.198,0.038,0.195,0.057,0.056,0.063,0.063,0.093,0.094,0.214,0.202,0.192,0.192
7:09:10,37.0,0.038,0.214,0.220,0.241,0.258,0.273,0.274,0.290,0.279,0.269,0.232,0.241,0.038,0.244,0.182,0.162,0.236,0.247,0.279,0.255,0.306,0.276,0.225,0.216,0.037,0.217,0.159,0.148,0.199,0.190,0.284,0.245,0.313,0.289,0.232,0.217,0.038,0.221,0.121,0.122,0.168,0.193,0.256,0.234,0.319,0.334,0.236,0.215,0.038,0.221,0.084,0.086,0.125,0.129,0.210,0.193,0.319,0.310,0.229,0.212,0.039,0.209,0.072,0.073,0.098,0.099,0.179,0.168,0.261,0.279,0.230,0.221,0.038,0.225,0.061,0.063,0.075,0.077,0.129,0.118,0.230,0.243,0.208,0.214,0.038,0.202,0.058,0.056,0.063,0.064,0.098,0.099,0.232,0.219,0.209,0.207
7:19:10,37.0,0.038,0.234,0.239,0.262,0.290,0.299,0.301,0.322,0.306,0.294,0.254,0.260,0.038,0.265,0.198,0.171,0.253,0.271,0.306,0.278,0.336,0.302,0.245,0.235,0.037,0.239,0.158,0.159,0.226,0.201,0.310,0.269,0.344,0.318,0.254,0.238,0.038,0.241,0.127,0.131,0.186,0.209,0.278,0.255,0.350,0.367,0.259,0.233,0.038,0.242,0.087,0.090,0.135,0.137,0.227,0.210,0.351,0.342,0.250,0.231,0.039,0.228,0.074,0.075,0.103,0.104,0.193,0.181,0.284,0.308,0.252,0.240,0.038,0.243,0.062,0.064,0.077,0.079,0.135,0.124,0.248,0.266,0.226,0.233,0.038,0.212,0.058,0.057,0.065,0.065,0.102,0.103,0.247,0.239,0.226,0.225
7:29:10,37.1,0.038,0.243,0.252,0.285,0.305,0.325,0.327,0.346,0.332,0.320,0.275,0.283,0.038,0.288,0.213,0.181,0.274,0.292,0.333,0.303,0.367,0.330,0.267,0.256,0.037,0.257,0.170,0.169,0.245,0.211,0.338,0.293,0.374,0.345,0.277,0.259,0.038,0.260,0.132,0.138,0.208,0.225,0.302,0.276,0.384,0.403,0.281,0.253,0.038,0.261,0.090,0.093,0.148,0.145,0.247,0.227,0.383,0.373,0.273,0.251,0.039,0.245,0.075,0.076,0.108,0.109,0.208,0.194,0.306,0.334,0.275,0.260,0.038,0.264,0.063,0.065,0.079,0.081,0.144,0.130,0.265,0.289,0.246,0.252,0.038,0.222,0.059,0.057,0.065,0.066,0.109,0.107,0.258,0.259,0.246,0.244
7:39:10,37.0,0.037,0.266,0.270,0.310,0.332,0.355,0.358,0.376,0.362,0.352,0.301,0.308,0.038,0.316,0.230,0.192,0.297,0.315,0.365,0.330,0.405,0.362,0.293,0.278,0.037,0.278,0.177,0.179,0.267,0.224,0.371,0.321,0.411,0.378,0.302,0.282,0.038,0.285,0.138,0.147,0.225,0.242,0.331,0.302,0.422,0.441,0.306,0.276,0.038,0.290,0.093,0.096,0.157,0.153,0.269,0.245,0.421,0.408,0.298,0.274,0.039,0.265,0.077,0.078,0.113,0.115,0.225,0.208,0.332,0.367,0.301,0.284,0.038,0.290,0.063,0.066,0.081,0.083,0.152,0.138,0.285,0.317,0.268,0.274,0.038,0.234,0.059,0.058,0.067,0.067,0.115,0.112,0.290,0.282,0.267,0.265
7:49:10,37.0,0.038,0.283,0.291,0.337,0.364,0.389,0.394,0.409,0.397,0.384,0.329,0.337,0.038,0.344,0.248,0.209,0.322,0.344,0.401,0.362,0.444,0.398,0.321,0.305,0.037,0.308,0.179,0.200,0.285,0.241,0.406,0.354,0.451,0.414,0.331,0.308,0.038,0.316,0.144,0.164,0.241,0.262,0.362,0.330,0.460,0.481,0.336,0.301,0.038,0.316,0.097,0.101,0.167,0.163,0.293,0.267,0.460,0.447,0.325,0.298,0.039,0.296,0.079,0.080,0.120,0.120,0.243,0.225,0.359,0.400,0.329,0.310,0.038,0.313,0.064,0.067,0.083,0.085,0.162,0.145,0.306,0.349,0.294,0.299,0.038,0.248,0.060,0.058,0.067,0.068,0.118,0.117,0.310,0.308,0.291,0.289
7:59:10,37.0,0.037,0.310,0.314,0.366,0.398,0.426,0.430,0.447,0.434,0.421,0.359,0.368,0.038,0.375,0.266,0.232,0.349,0.376,0.439,0.397,0.485,0.436,0.351,0.332,0.037,0.345,0.192,0.216,0.306,0.258,0.445,0.388,0.493,0.454,0.362,0.336,0.038,0.345,0.153,0.179,0.260,0.282,0.397,0.361,0.502,0.523,0.368,0.328,0.038,0.343,0.101,0.106,0.178,0.173,0.319,0.291,0.502,0.488,0.356,0.326,0.039,0.323,0.081,0.082,0.129,0.127,0.265,0.244,0.391,0.438,0.360,0.338,0.038,0.341,0.065,0.067,0.086,0.087,0.174,0.154,0.328,0.379,0.321,0.326,0.038,0.263,0.060,0.059,0.069,0.069,0.124,0.122,0.340,0.334,0.316,0.314
8:09:10,37.1,0.038,0.353,0.339,0.402,0.433,0.463,0.470,0.487,0.472,0.459,0.392,0.402,0.038,0.409,0.288,0.248,0.380,0.409,0.480,0.434,0.529,0.475,0.385,0.363,0.037,0.376,0.202,0.234,0.335,0.281,0.487,0.425,0.539,0.496,0.396,0.367,0.038,0.374,0.162,0.194,0.275,0.306,0.432,0.396,0.548,0.569,0.403,0.357,0.038,0.370,0.106,0.111,0.191,0.184,0.346,0.316,0.547,0.529,0.389,0.354,0.039,0.355,0.082,0.083,0.136,0.134,0.285,0.263,0.424,0.477,0.393,0.368,0.038,0.374,0.066,0.069,0.088,0.090,0.184,0.164,0.351,0.411,0.350,0.354,0.038,0.281,0.061,0.059,0.070,0.071,0.131,0.129,0.358,0.363,0.344,0.341
8:19:10,37.0,0.037,0.378,0.368,0.435,0.475,0.506,0.514,0.533,0.515,0.500,0.430,0.439,0.038,0.448,0.310,0.276,0.414,0.446,0.525,0.475,0.577,0.520,0.422,0.397,0.037,0.405,0.212,0.252,0.358,0.310,0.532,0.466,0.589,0.542,0.434,0.400,0.038,0.401,0.177,0.209,0.296,0.333,0.474,0.434,0.600,0.620,0.441,0.389,0.038,0.397,0.113,0.119,0.204,0.196,0.379,0.346,0.595,0.577,0.425,0.386,0.039,0.382,0.084,0.085,0.145,0.140,0.309,0.285,0.460,0.519,0.431,0.400,0.038,0.405,0.067,0.070,0.091,0.092,0.199,0.175,0.380,0.446,0.384,0.386,0.038,0.302,0.061,0.060,0.071,0.071,0.138,0.136,0.403,0.394,0.375,0.371
8:29:10,37.1,0.038,0.364,0.399,0.482,0.516,0.550,0.559,0.581,0.559,0.546,0.469,0.479,0.038,0.488,0.337,0.297,0.450,0.486,0.573,0.520,0.627,0.567,0.461,0.433,0.037,0.434,0.222,0.271,0.388,0.339,0.580,0.511,0.641,0.591,0.474,0.435,0.038,0.427,0.186,0.226,0.316,0.360,0.518,0.474,0.653,0.673,0.482,0.426,0.038,0.422,0.119,0.125,0.217,0.209,0.410,0.376,0.646,0.626,0.464,0.420,0.039,0.413,0.086,0.088,0.155,0.150,0.335,0.307,0.500,0.560,0.469,0.435,0.038,0.444,0.068,0.071,0.094,0.096,0.210,0.186,0.406,0.481,0.413,0.419,0.038,0.371,0.062,0.060,0.073,0.074,0.146,0.142,0.426,0.425,0.407,0.404
8:39:10,37.0,0.038,0.389,0.432,0.518,0.563,0.597,0.607,0.635,0.607,0.593,0.511,0.521,0.038,0.532,0.365,0.322,0.488,0.529,0.623,0.568,0.682,0.617,0.504,0.474,0.037,0.465,0.241,0.291,0.421,0.372,0.632,0.558,0.696,0.642,0.519,0.474,0.038,0.458,0.204,0.243,0.341,0.391,0.564,0.519,0.711,0.729,0.527,0.464,0.038,0.454,0.128,0.134,0.233,0.223,0.447,0.411,0.712,0.679,0.506,0.457,0.039,0.442,0.088,0.091,0.164,0.160,0.362,0.333,0.543,0.607,0.511,0.473,0.038,0.484,0.069,0.072,0.097,0.099,0.226,0.198,0.434,0.521,0.451,0.455,0.038,0.405,0.063,0.061,0.074,0.075,0.154,0.150,0.465,0.462,0.443,0.439
8:49:10,37.0,0.038,0.418,0.471,0.560,0.609,0.645,0.658,0.688,0.670,0.643,0.557,0.566,0.038,0.575,0.395,0.347,0.529,0.575,0.677,0.618,0.738,0.669,0.550,0.514,0.037,0.497,0.254,0.311,0.458,0.402,0.685,0.609,0.754,0.698,0.567,0.518,0.038,0.492,0.216,0.259,0.367,0.425,0.614,0.566,0.770,0.788,0.574,0.504,0.038,0.488,0.134,0.142,0.249,0.239,0.487,0.447,0.758,0.734,0.551,0.496,0.039,0.470,0.091,0.094,0.174,0.169,0.391,0.359,0.590,0.657,0.554,0.512,0.038,0.518,0.070,0.072,0.100,0.102,0.243,0.210,0.463,0.564,0.486,0.491,0.038,0.434,0.063,0.062,0.076,0.077,0.162,0.158,0.500,0.498,0.478,0.474
8:59:10,37.1,0.038,0.448,0.513,0.611,0.661,0.699,0.713,0.744,0.722,0.697,0.605,0.615,0.038,0.624,0.427,0.373,0.574,0.625,0.732,0.671,0.796,0.725,0.599,0.561,0.037,0.533,0.290,0.333,0.498,0.443,0.742,0.661,0.813,0.755,0.617,0.562,0.038,0.527,0.239,0.277,0.395,0.461,0.666,0.615,0.833,0.848,0.626,0.549,0.038,0.524,0.145,0.154,0.269,0.256,0.530,0.487,0.816,0.791,0.599,0.540,0.039,0.502,0.093,0.098,0.185,0.179,0.423,0.388,0.641,0.710,0.603,0.556,0.038,0.560,0.071,0.074,0.103,0.105,0.259,0.225,0.495,0.609,0.528,0.532,0.038,0.464,0.064,0.062,0.078,0.077,0.172,0.169,0.535,0.535,0.518,0.513
9:09:10,37.0,0.038,0.481,0.559,0.660,0.712,0.753,0.766,0.801,0.776,0.750,0.657,0.665,0.038,0.676,0.465,0.400,0.621,0.674,0.790,0.728,0.855,0.782,0.651,0.609,0.037,0.571,0.322,0.355,0.541,0.489,0.802,0.718,0.874,0.814,0.669,0.610,0.038,0.569,0.263,0.297,0.428,0.500,0.722,0.668,0.895,0.908,0.678,0.595,0.038,0.561,0.157,0.164,0.287,0.275,0.574,0.529,0.875,0.849,0.650,0.585,0.039,0.536,0.096,0.102,0.197,0.189,0.458,0.419,0.694,0.764,0.652,0.602,0.038,0.606,0.072,0.074,0.106,0.108,0.278,0.240,0.530,0.656,0.571,0.576,0.038,0.492,0.064,0.063,0.079,0.079,0.185,0.181,0.573,0.576,0.557,0.553
9:19:10,37.0,0.038,0.511,0.604,0.715,0.763,0.808,0.823,0.857,0.831,0.802,0.709,0.718,0.038,0.730,0.503,0.426,0.671,0.728,0.849,0.785,0.915,0.841,0.703,0.658,0.037,0.610,0.353,0.383,0.585,0.524,0.861,0.776,0.934,0.875,0.725,0.660,0.038,0.609,0.283,0.319,0.464,0.542,0.779,0.724,0.955,0.966,0.735,0.643,0.038,0.605,0.167,0.174,0.308,0.294,0.623,0.575,0.933,0.909,0.703,0.633,0.039,0.576,0.100,0.107,0.210,0.198,0.496,0.455,0.750,0.822,0.705,0.650,0.038,0.655,0.073,0.075,0.114,0.113,0.297,0.256,0.568,0.707,0.617,0.622,0.038,0.521,0.065,0.064,0.081,0.081,0.194,0.188,0.615,0.619,0.600,0.595
9:29:10,37.0,0.038,0.549,0.655,0.770,0.820,0.863,0.880,0.913,0.887,0.862,0.763,0.773,0.039,0.789,0.545,0.455,0.721,0.783,0.908,0.845,0.973,0.902,0.761,0.712,0.037,0.651,0.384,0.409,0.634,0.559,0.919,0.836,0.991,0.935,0.784,0.714,0.038,0.651,0.300,0.344,0.500,0.588,0.837,0.781,1.012,1.021,0.792,0.697,0.038,0.650,0.176,0.184,0.332,0.316,0.672,0.622,0.987,0.965,0.760,0.685,0.039,0.616,0.104,0.114,0.223,0.210,0.536,0.491,0.807,0.877,0.760,0.701,0.038,0.708,0.074,0.076,0.117,0.117,0.319,0.275,0.607,0.759,0.666,0.671,0.038,0.552,0.066,0.064,0.082,0.082,0.205,0.199,0.658,0.666,0.647,0.642
9:39:10,36.9,0.037,0.582,0.704,0.826,0.871,0.916,0.933,0.964,0.940,0.912,0.820,0.829,0.038,0.846,0.587,0.484,0.775,0.838,0.962,0.904,1.026,0.957,0.819,0.766,0.037,0.691,0.416,0.435,0.683,0.596,0.974,0.895,1.045,0.990,0.842,0.768,0.038,0.693,0.319,0.372,0.541,0.633,0.895,0.841,1.067,1.074,0.851,0.749,0.038,0.693,0.187,0.195,0.356,0.339,0.724,0.673,1.039,1.018,0.816,0.736,0.039,0.654,0.110,0.120,0.237,0.222,0.579,0.532,0.865,0.934,0.817,0.753,0.038,0.764,0.074,0.076,0.122,0.121,0.341,0.294,0.649,0.812,0.717,0.721,0.038,0.582,0.066,0.065,0.083,0.087,0.216,0.211,0.704,0.714,0.695,0.688
9:49:10,37.0,0.038,0.621,0.757,0.882,0.926,0.967,0.984,1.017,0.993,0.967,0.877,0.887,0.038,0.904,0.634,0.515,0.829,0.890,1.014,0.962,1.079,1.015,0.878,0.822,0.037,0.735,0.444,0.466,0.736,0.634,1.025,0.953,1.098,1.046,0.903,0.825,0.038,0.736,0.340,0.401,0.585,0.682,0.950,0.899,1.116,1.123,0.910,0.805,0.038,0.736,0.199,0.207,0.383,0.365,0.778,0.725,1.095,1.067,0.874,0.792,0.039,0.696,0.120,0.132,0.251,0.235,0.624,0.574,0.921,0.986,0.873,0.807,0.038,0.821,0.075,0.077,0.127,0.125,0.366,0.316,0.693,0.866,0.768,0.773,0.038,0.613,0.067,0.065,0.085,0.088,0.231,0.222,0.751,0.763,0.745,0.739
9:59:10,37.1,0.038,0.662,0.812,0.933,0.977,1.017,1.034,1.066,1.035,1.017,0.932,0.943,0.038,0.960,0.680,0.549,0.884,0.943,1.065,1.016,1.130,1.067,0.936,0.877,0.037,0.780,0.472,0.499,0.792,0.674,1.076,1.006,1.147,1.098,0.961,0.882,0.038,0.780,0.362,0.432,0.631,0.733,1.001,0.954,1.168,1.172,0.968,0.861,0.038,0.786,0.211,0.221,0.414,0.392,0.833,0.780,1.144,1.116,0.931,0.847,0.039,0.737,0.132,0.142,0.267,0.250,0.671,0.618,0.975,1.036,0.930,0.862,0.038,0.877,0.077,0.078,0.132,0.130,0.393,0.338,0.740,0.919,0.823,0.826,0.038,0.649,0.068,0.066,0.086,0.090,0.246,0.235,0.800,0.814,0.795,0.789
10:09:10,37.0,0.037,0.703,0.866,0.978,1.024,1.065,1.082,1.113,1.091,1.064,0.986,0.996,0.038,1.007,0.728,0.585,0.934,0.992,1.114,1.066,1.177,1.117,0.993,0.933,0.037,0.827,0.501,0.535,0.847,0.716,1.123,1.058,1.195,1.146,1.013,0.935,0.038,0.828,0.385,0.465,0.678,0.786,1.050,1.007,1.218,1.220,1.022,0.916,0.038,0.837,0.224,0.234,0.445,0.421,0.887,0.835,1.188,1.166,0.985,0.902,0.039,0.781,0.140,0.149,0.284,0.266,0.721,0.666,1.024,1.082,0.984,0.915,0.038,0.928,0.078,0.080,0.139,0.135,0.423,0.363,0.789,0.969,0.877,0.878,0.038,0.688,0.069,0.067,0.088,0.093,0.261,0.249,0.848,0.862,0.847,0.838
10:19:10,37.1,0.037,0.748,0.917,1.028,1.072,1.113,1.130,1.160,1.137,1.111,1.038,1.048,0.038,1.054,0.778,0.623,0.983,1.040,1.162,1.115,1.226,1.166,1.047,0.984,0.037,0.876,0.534,0.574,0.899,0.760,1.171,1.105,1.245,1.195,1.067,0.987,0.038,0.878,0.409,0.500,0.729,0.841,1.098,1.056,1.270,1.270,1.075,0.970,0.038,0.890,0.239,0.250,0.480,0.452,0.940,0.891,1.237,1.214,1.037,0.955,0.039,0.830,0.152,0.158,0.303,0.283,0.772,0.715,1.074,1.130,1.035,0.967,0.038,0.974,0.078,0.082,0.144,0.141,0.454,0.389,0.840,1.016,0.927,0.927,0.038,0.725,0.069,0.068,0.090,0.101,0.276,0.262,0.895,0.910,0.895,0.884
10:29:10,37.1,0.038,0.793,0.968,1.078,1.117,1.159,1.176,1.205,1.183,1.157,1.089,1.098,0.038,1.103,0.829,0.662,1.030,1.087,1.209,1.163,1.275,1.215,1.099,1.036,0.037,0.925,0.565,0.619,0.948,0.806,1.220,1.153,1.295,1.244,1.118,1.037,0.038,0.926,0.435,0.538,0.781,0.895,1.145,1.103,1.320,1.319,1.124,1.021,0.038,0.942,0.254,0.267,0.515,0.485,0.988,0.944,1.286,1.262,1.087,1.006,0.039,0.870,0.162,0.168,0.324,0.302,0.824,0.766,1.123,1.178,1.084,1.016,0.038,1.022,0.080,0.082,0.150,0.146,0.488,0.418,0.893,1.063,0.976,0.975,0.038,0.765,0.070,0.069,0.091,0.099,0.293,0.278,0.940,0.955,0.942,0.930
10:39:10,37.0,0.038,0.839,1.018,1.124,1.161,1.206,1.223,1.251,1.228,1.204,1.139,1.147,0.038,1.147,0.878,0.702,1.079,1.135,1.256,1.211,1.322,1.264,1.149,1.084,0.037,0.975,0.600,0.668,0.993,0.855,1.268,1.203,1.343,1.294,1.166,1.085,0.038,0.975,0.462,0.578,0.835,0.947,1.194,1.151,1.367,1.364,1.172,1.071,0.038,0.989,0.271,0.284,0.555,0.521,1.034,0.991,1.333,1.309,1.134,1.054,0.039,0.918,0.170,0.177,0.345,0.322,0.876,0.819,1.172,1.225,1.131,1.062,0.038,1.069,0.080,0.085,0.157,0.152,0.523,0.449,0.943,1.109,1.024,1.022,0.038,0.806,0.071,0.069,0.093,0.101,0.312,0.295,0.985,1.000,0.988,0.974
10:49:10,37.0,0.037,0.884,1.066,1.161,1.206,1.249,1.267,1.287,1.272,1.244,1.186,1.194,0.038,1.183,0.927,0.745,1.122,1.182,1.301,1.257,1.361,1.310,1.198,1.133,0.037,1.024,0.636,0.719,1.034,0.912,1.314,1.251,1.384,1.340,1.213,1.131,0.038,1.019,0.492,0.620,0.883,0.994,1.243,1.200,1.407,1.403,1.219,1.116,0.038,1.038,0.289,0.303,0.589,0.558,1.080,1.038,1.373,1.351,1.181,1.098,0.039,0.970,0.181,0.188,0.369,0.344,0.927,0.871,1.221,1.273,1.178,1.106,0.038,1.116,0.082,0.089,0.164,0.159,0.558,0.481,0.993,1.154,1.071,1.067,0.038,0.848,0.071,0.070,0.096,0.103,0.331,0.314,1.026,1.044,1.033,1.018
10:59:10,37.0,0.037,0.932,1.111,1.199,1.241,1.286,1.302,1.322,1.309,1.281,1.232,1.239,0.038,1.220,0.973,0.789,1.168,1.228,1.341,1.303,1.399,1.351,1.245,1.178,0.037,1.073,0.675,0.760,1.079,0.954,1.355,1.298,1.421,1.381,1.260,1.175,0.038,1.068,0.522,0.664,0.927,1.036,1.289,1.248,1.445,1.438,1.267,1.160,0.038,1.085,0.308,0.324,0.630,0.598,1.127,1.084,1.409,1.390,1.228,1.143,0.039,1.019,0.189,0.198,0.393,0.367,0.972,0.922,1.269,1.317,1.224,1.150,0.038,1.155,0.083,0.093,0.171,0.166,0.597,0.515,1.040,1.199,1.115,1.110,0.038,0.892,0.072,0.071,0.100,0.107,0.351,0.334,1.069,1.087,1.075,1.060
11:09:10,37.1,0.038,0.981,1.157,1.238,1.280,1.322,1.339,1.356,1.345,1.315,1.278,1.284,0.038,1.256,1.019,0.834,1.213,1.274,1.379,1.343,1.435,1.391,1.292,1.222,0.037,1.122,0.715,0.812,1.124,1.003,1.393,1.341,1.456,1.418,1.301,1.219,0.038,1.115,0.555,0.711,0.974,1.083,1.334,1.295,1.479,1.466,1.315,1.204,0.038,1.130,0.329,0.346,0.674,0.641,1.176,1.132,1.443,1.424,1.276,1.188,0.039,1.067,0.200,0.208,0.422,0.392,1.016,0.971,1.315,1.357,1.270,1.195,0.038,1.194,0.085,0.099,0.179,0.173,0.641,0.552,1.088,1.244,1.161,1.154,0.038,0.937,0.074,0.072,0.112,0.110,0.374,0.355,1.108,1.129,1.117,1.100
11:19:10,37.1,0.038,1.028,1.204,1.278,1.306,1.350,1.374,1.383,1.376,1.344,1.315,1.319,0.038,1.294,1.063,0.881,1.257,1.315,1.415,1.380,1.450,1.427,1.332,1.257,0.037,1.167,0.755,0.861,1.167,1.057,1.428,1.378,1.468,1.452,1.340,1.255,0.038,1.158,0.590,0.759,1.026,1.130,1.371,1.336,1.494,1.479,1.355,1.249,0.038,1.167,0.350,0.370,0.717,0.684,1.223,1.179,1.461,1.450,1.319,1.232,0.039,1.110,0.209,0.220,0.452,0.419,1.060,1.013,1.353,1.389,1.315,1.239,0.038,1.231,0.089,0.100,0.187,0.181,0.681,0.589,1.133,1.286,1.204,1.196,0.038,0.982,0.074,0.073,0.115,0.112,0.399,0.377,1.149,1.171,1.159,1.142
11:29:10,37.0,0.038,1.070,1.245,1.312,1.336,1.374,1.395,1.410,1.397,1.375,1.354,1.354,0.038,1.330,1.107,0.927,1.296,1.350,1.448,1.416,1.470,1.449,1.371,1.293,0.037,1.206,0.798,0.907,1.211,1.101,1.461,1.413,1.479,1.467,1.368,1.291,0.038,1.198,0.626,0.809,1.066,1.177,1.406,1.374,1.497,1.482,1.392,1.292,0.038,1.207,0.374,0.394,0.764,0.730,1.268,1.226,1.470,1.466,1.359,1.276,0.039,1.150,0.220,0.232,0.484,0.447,1.106,1.057,1.389,1.420,1.353,1.281,0.038,1.267,0.093,0.103,0.196,0.189,0.726,0.629,1.179,1.323,1.248,1.239,0.038,1.026,0.075,0.074,0.118,0.116,0.424,0.401,1.191,1.212,1.201,1.183
11:39:10,37.1,0.037,1.115,1.279,1.334,1.363,1.397,1.416,1.427,1.417,1.399,1.388,1.384,0.038,1.363,1.149,0.973,1.331,1.387,1.460,1.439,1.471,1.467,1.407,1.323,0.037,1.238,0.842,0.953,1.260,1.143,1.474,1.447,1.484,1.478,1.400,1.321,0.038,1.236,0.664,0.859,1.111,1.221,1.441,1.409,1.503,1.490,1.426,1.326,0.038,1.245,0.399,0.421,0.812,0.777,1.310,1.271,1.474,1.468,1.394,1.310,0.039,1.189,0.232,0.244,0.516,0.478,1.151,1.102,1.422,1.438,1.388,1.313,0.038,1.300,0.105,0.106,0.205,0.198,0.771,0.671,1.222,1.354,1.290,1.275,0.038,1.070,0.077,0.076,0.123,0.119,0.451,0.427,1.230,1.251,1.241,1.219
11:49:10,37.1,0.038,1.163,1.320,1.363,1.382,1.415,1.426,1.428,1.430,1.417,1.409,1.408,0.038,1.390,1.192,1.016,1.363,1.405,1.463,1.456,1.478,1.471,1.432,1.353,0.037,1.271,0.891,0.998,1.303,1.182,1.472,1.460,1.491,1.482,1.429,1.352,0.038,1.272,0.706,0.906,1.155,1.263,1.471,1.445,1.510,1.498,1.444,1.356,0.038,1.282,0.425,0.449,0.859,0.825,1.348,1.313,1.481,1.474,1.419,1.343,0.039,1.225,0.245,0.258,0.550,0.509,1.196,1.147,1.440,1.456,1.414,1.341,0.038,1.334,0.109,0.109,0.215,0.207,0.817,0.715,1.265,1.381,1.322,1.306,0.038,1.104,0.078,0.077,0.127,0.123,0.481,0.454,1.259,1.277,1.269,1.244
11:59:10,37.0,0.038,1.184,1.338,1.377,1.391,1.416,1.429,1.432,1.434,1.418,1.433,1.431,0.038,1.407,1.229,1.057,1.378,1.423,1.470,1.459,1.486,1.479,1.452,1.382,0.037,1.311,0.938,1.045,1.332,1.221,1.477,1.462,1.498,1.490,1.448,1.381,0.038,1.305,0.749,0.950,1.198,1.302,1.477,1.467,1.517,1.504,1.464,1.380,0.038,1.317,0.465,0.479,0.903,0.872,1.382,1.350,1.488,1.483,1.440,1.367,0.039,1.252,0.259,0.273,0.584,0.543,1.239,1.192,1.458,1.458,1.436,1.366,0.038,1.353,0.112,0.112,0.226,0.217,0.862,0.760,1.298,1.402,1.352,1.331,0.038,1.136,0.079,0.077,0.131,0.127,0.511,0.482,1.286,1.301,1.294,1.270
12:09:10,37.0,0.037,1.211,1.363,1.384,1.392,1.421,1.434,1.435,1.439,1.423,1.452,1.440,0.038,1.403,1.265,1.095,1.399,1.443,1.472,1.464,1.492,1.487,1.459,1.404,0.037,1.353,0.992,1.090,1.360,1.259,1.480,1.467,1.504,1.498,1.458,1.402,0.038,1.335,0.795,0.993,1.239,1.337,1.474,1.460,1.522,1.509,1.468,1.404,0.038,1.342,0.484,0.511,0.943,0.918,1.414,1.383,1.493,1.489,1.452,1.392,0.039,1.292,0.273,0.289,0.618,0.579,1.280,1.235,1.458,1.464,1.455,1.390,0.038,1.383,0.115,0.116,0.237,0.228,0.906,0.804,1.329,1.423,1.374,1.355,0.038,1.168,0.079,0.077,0.135,0.132,0.543,0.521,1.309,1.326,1.319,1.297
12:19:10,37.1,0.037,1.242,1.385,1.387,1.397,1.427,1.435,1.438,1.446,1.430,1.455,1.447,0.038,1.407,1.288,1.141,1.418,1.448,1.478,1.468,1.496,1.493,1.468,1.408,0.037,1.380,1.033,1.132,1.384,1.293,1.499,1.473,1.509,1.502,1.456,1.408,0.038,1.360,0.838,1.036,1.274,1.371,1.494,1.469,1.530,1.514,1.475,1.424,0.038,1.367,0.519,0.545,0.982,0.961,1.444,1.414,1.499,1.493,1.457,1.412,0.039,1.322,0.289,0.305,0.657,0.617,1.317,1.277,1.465,1.472,1.457,1.409,0.038,1.395,0.119,0.119,0.249,0.240,0.946,0.851,1.358,1.431,1.398,1.379,0.038,1.203,0.080,0.078,0.140,0.135,0.576,0.544,1.325,1.350,1.343,1.319
12:29:10,37.0,0.037,1.271,1.401,1.391,1.402,1.434,1.441,1.442,1.452,1.437,1.462,1.455,0.038,1.410,1.317,1.196,1.420,1.456,1.488,1.475,1.501,1.497,1.476,1.415,0.037,1.399,1.082,1.173,1.404,1.327,1.513,1.481,1.527,1.506,1.464,1.413,0.038,1.379,0.883,1.079,1.308,1.400,1.501,1.478,1.547,1.530,1.482,1.426,0.038,1.387,0.550,0.581,1.024,1.002,1.468,1.445,1.513,1.499,1.464,1.417,0.039,1.346,0.306,0.324,0.700,0.655,1.350,1.315,1.472,1.478,1.464,1.412,0.038,1.393,0.123,0.123,0.262,0.252,0.985,0.895,1.380,1.436,1.416,1.393,0.038,1.235,0.081,0.079,0.144,0.140,0.611,0.581,1.348,1.371,1.363,1.339
12:39:10,37.1,0.037,1.297,1.401,1.397,1.408,1.438,1.446,1.446,1.456,1.442,1.469,1.462,0.038,1.415,1.348,1.234,1.427,1.463,1.502,1.482,1.506,1.502,1.483,1.422,0.037,1.404,1.125,1.214,1.406,1.358,1.512,1.488,1.530,1.512,1.476,1.418,0.038,1.377,0.930,1.123,1.338,1.427,1.505,1.478,1.548,1.534,1.490,1.433,0.038,1.385,0.587,0.617,1.066,1.043,1.471,1.464,1.516,1.506,1.472,1.424,0.039,1.361,0.323,0.342,0.745,0.696,1.380,1.348,1.479,1.482,1.472,1.419,0.038,1.394,0.127,0.127,0.276,0.265,1.025,0.938,1.399,1.441,1.418,1.397,0.038,1.259,0.081,0.080,0.150,0.144,0.647,0.611,1.365,1.382,1.370,1.347
12:49:10,37.1,0.037,1.318,1.407,1.403,1.413,1.441,1.452,1.450,1.459,1.445,1.476,1.468,0.038,1.420,1.385,1.264,1.435,1.469,1.507,1.497,1.518,1.507,1.488,1.429,0.037,1.404,1.167,1.245,1.411,1.387,1.515,1.505,1.533,1.526,1.475,1.425,0.038,1.381,0.970,1.164,1.365,1.454,1.505,1.502,1.550,1.538,1.495,1.440,0.038,1.392,0.618,0.656,1.108,1.086,1.474,1.469,1.520,1.515,1.477,1.430,0.039,1.369,0.343,0.362,0.787,0.736,1.409,1.379,1.483,1.486,1.478,1.425,0.038,1.397,0.132,0.131,0.291,0.279,1.065,0.978,1.406,1.449,1.424,1.402,0.038,1.282,0.082,0.081,0.156,0.148,0.684,0.646,1.367,1.385,1.376,1.351
12:59:10,37.0,0.037,1.334,1.412,1.407,1.417,1.444,1.457,1.455,1.462,1.448,1.481,1.473,0.038,1.423,1.409,1.297,1.441,1.474,1.511,1.503,1.524,1.518,1.494,1.435,0.037,1.405,1.202,1.273,1.416,1.412,1.519,1.508,1.540,1.532,1.480,1.431,0.038,1.382,1.014,1.202,1.387,1.459,1.507,1.502,1.558,1.552,1.500,1.447,0.038,1.393,0.655,0.696,1.149,1.129,1.479,1.475,1.528,1.520,1.483,1.438,0.039,1.368,0.363,0.384,0.827,0.779,1.433,1.408,1.487,1.491,1.483,1.433,0.038,1.401,0.136,0.135,0.307,0.295,1.106,1.018,1.411,1.454,1.432,1.409,0.038,1.300,0.083,0.082,0.162,0.153,0.723,0.683,1.371,1.388,1.381,1.355
13:09:10,37.0,0.037,1.341,1.418,1.409,1.419,1.447,1.462,1.459,1.466,1.451,1.485,1.477,0.038,1.425,1.414,1.325,1.446,1.478,1.515,1.507,1.539,1.525,1.501,1.439,0.037,1.406,1.240,1.301,1.420,1.424,1.529,1.511,1.550,1.537,1.484,1.436,0.038,1.385,1.059,1.238,1.393,1.453,1.512,1.504,1.567,1.558,1.507,1.453,0.038,1.396,0.694,0.738,1.190,1.170,1.485,1.479,1.536,1.534,1.488,1.443,0.039,1.369,0.385,0.410,0.867,0.822,1.438,1.433,1.492,1.497,1.488,1.438,0.038,1.405,0.141,0.139,0.323,0.311,1.145,1.058,1.417,1.457,1.439,1.416,0.038,1.314,0.083,0.082,0.169,0.157,0.762,0.720,1.375,1.393,1.387,1.362
13:19:10,37.0,0.037,1.342,1.423,1.412,1.421,1.450,1.469,1.462,1.471,1.454,1.490,1.482,0.038,1.430,1.418,1.351,1.450,1.483,1.528,1.513,1.544,1.533,1.512,1.442,0.037,1.410,1.274,1.329,1.423,1.432,1.534,1.516,1.560,1.550,1.488,1.439,0.038,1.389,1.101,1.264,1.401,1.468,1.521,1.508,1.577,1.580,1.517,1.457,0.038,1.401,0.735,0.779,1.229,1.210,1.487,1.482,1.550,1.547,1.494,1.448,0.039,1.373,0.407,0.431,0.908,0.866,1.445,1.441,1.501,1.505,1.493,1.442,0.038,1.409,0.146,0.144,0.341,0.327,1.185,1.098,1.425,1.460,1.443,1.421,0.038,1.324,0.084,0.084,0.175,0.161,0.802,0.759,1.383,1.399,1.394,1.368
13:29:10,37.1,0.038,1.345,1.427,1.414,1.423,1.454,1.482,1.467,1.476,1.457,1.494,1.494,0.038,1.432,1.421,1.375,1.454,1.487,1.536,1.533,1.567,1.546,1.526,1.446,0.037,1.410,1.303,1.377,1.426,1.434,1.548,1.530,1.581,1.561,1.493,1.442,0.038,1.390,1.141,1.292,1.405,1.459,1.528,1.514,1.596,1.593,1.524,1.461,0.038,1.402,0.777,0.821,1.267,1.249,1.490,1.486,1.573,1.563,1.500,1.453,0.039,1.377,0.431,0.457,0.944,0.908,1.449,1.447,1.507,1.521,1.499,1.449,0.038,1.412,0.151,0.149,0.360,0.346,1.222,1.137,1.431,1.464,1.447,1.424,0.038,1.323,0.085,0.085,0.182,0.166,0.839,0.796,1.387,1.405,1.399,1.374
13:39:10,37.1,0.038,1.348,1.429,1.417,1.427,1.458,1.490,1.472,1.492,1.462,1.503,1.508,0.038,1.434,1.426,1.384,1.459,1.492,1.558,1.548,1.575,1.561,1.538,1.450,0.037,1.412,1.332,1.393,1.428,1.406,1.572,1.548,1.594,1.581,1.499,1.448,0.038,1.391,1.177,1.320,1.410,1.458,1.543,1.526,1.617,1.597,1.540,1.472,0.038,1.400,0.819,0.859,1.298,1.282,1.493,1.490,1.578,1.566,1.514,1.462,0.039,1.379,0.457,0.484,0.982,0.949,1.453,1.447,1.515,1.537,1.513,1.458,0.038,1.413,0.156,0.153,0.380,0.364,1.258,1.176,1.435,1.468,1.451,1.432,0.038,1.326,0.086,0.086,0.188,0.171,0.876,0.833,1.389,1.406,1.401,1.377
13:49:10,37.0,0.037,1.350,1.432,1.418,1.429,1.466,1.494,1.479,1.509,1.469,1.522,1.512,0.038,1.437,1.429,1.392,1.466,1.503,1.565,1.552,1.585,1.577,1.549,1.458,0.037,1.417,1.364,1.392,1.431,1.442,1.579,1.559,1.601,1.589,1.514,1.450,0.038,1.396,1.213,1.348,1.414,1.486,1.567,1.546,1.621,1.607,1.555,1.483,0.038,1.408,0.857,0.894,1.328,1.314,1.503,1.492,1.586,1.574,1.529,1.470,0.039,1.381,0.483,0.512,1.020,0.987,1.457,1.455,1.523,1.541,1.526,1.463,0.038,1.417,0.161,0.158,0.402,0.384,1.289,1.212,1.439,1.476,1.458,1.440,0.038,1.329,0.087,0.088,0.195,0.177,0.914,0.871,1.391,1.408,1.408,1.380
13:59:10,37.0,0.037,1.354,1.434,1.421,1.433,1.478,1.499,1.490,1.514,1.479,1.527,1.518,0.038,1.441,1.430,1.391,1.475,1.518,1.571,1.557,1.590,1.580,1.551,1.478,0.037,1.417,1.390,1.397,1.434,1.424,1.587,1.566,1.608,1.592,1.521,1.457,0.038,1.397,1.245,1.381,1.418,1.485,1.570,1.555,1.629,1.613,1.556,1.490,0.038,1.408,0.892,0.932,1.357,1.344,1.516,1.508,1.592,1.579,1.532,1.474,0.039,1.382,0.511,0.543,1.058,1.025,1.461,1.459,1.540,1.546,1.530,1.467,0.038,1.418,0.166,0.163,0.424,0.406,1.317,1.248,1.444,1.495,1.472,1.443,0.038,1.332,0.088,0.090,0.201,0.182,0.947,0.908,1.393,1.410,1.415,1.388
14:09:10,37.0,0.038,1.358,1.437,1.425,1.440,1.498,1.505,1.509,1.519,1.488,1.533,1.523,0.038,1.446,1.433,1.395,1.491,1.534,1.577,1.564,1.599,1.588,1.556,1.485,0.037,1.419,1.412,1.404,1.438,1.441,1.598,1.573,1.617,1.599,1.544,1.468,0.038,1.401,1.278,1.397,1.421,1.489,1.580,1.563,1.641,1.628,1.562,1.493,0.038,1.409,0.930,0.970,1.382,1.373,1.537,1.526,1.602,1.586,1.538,1.478,0.039,1.384,0.541,0.575,1.097,1.063,1.471,1.468,1.554,1.552,1.534,1.470,0.038,1.422,0.171,0.167,0.448,0.428,1.343,1.276,1.457,1.500,1.480,1.446,0.038,1.334,0.088,0.094,0.206,0.189,0.982,0.942,1.397,1.415,1.418,1.393
14:19:10,37.0,0.037,1.361,1.441,1.432,1.446,1.505,1.510,1.521,1.525,1.508,1.538,1.528,0.038,1.452,1.437,1.398,1.500,1.537,1.582,1.567,1.607,1.595,1.562,1.491,0.037,1.421,1.418,1.408,1.445,1.431,1.613,1.582,1.630,1.607,1.555,1.489,0.038,1.401,1.307,1.405,1.425,1.496,1.590,1.571,1.655,1.635,1.567,1.497,0.038,1.410,0.969,1.006,1.403,1.397,1.538,1.527,1.620,1.595,1.543,1.481,0.039,1.387,0.573,0.610,1.134,1.102,1.488,1.478,1.556,1.558,1.540,1.473,0.038,1.425,0.176,0.172,0.472,0.451,1.369,1.304,1.468,1.504,1.481,1.448,0.038,1.337,0.090,0.097,0.213,0.197,1.016,0.975,1.409,1.426,1.421,1.393
14:29:10,37.0,0.037,1.362,1.445,1.437,1.455,1.510,1.516,1.524,1.531,1.525,1.543,1.533,0.038,1.459,1.438,1.398,1.510,1.550,1.594,1.576,1.615,1.605,1.569,1.496,0.037,1.424,1.424,1.411,1.452,1.447,1.621,1.593,1.636,1.622,1.562,1.491,0.038,1.404,1.336,1.403,1.428,1.504,1.606,1.580,1.661,1.637,1.574,1.502,0.038,1.412,1.005,1.043,1.398,1.405,1.548,1.532,1.622,1.611,1.549,1.485,0.039,1.389,0.604,0.644,1.171,1.139,1.490,1.493,1.563,1.565,1.545,1.477,0.038,1.430,0.181,0.178,0.498,0.476,1.390,1.331,1.472,1.509,1.485,1.450,0.038,1.339,0.091,0.097,0.219,0.204,1.049,1.008,1.419,1.435,1.423,1.398
14:39:10,37.0,0.037,1.364,1.458,1.447,1.466,1.517,1.522,1.532,1.538,1.530,1.549,1.539,0.038,1.468,1.440,1.403,1.531,1.561,1.600,1.584,1.619,1.613,1.576,1.502,0.037,1.426,1.435,1.414,1.467,1.448,1.621,1.603,1.637,1.629,1.571,1.496,0.038,1.405,1.361,1.408,1.432,1.510,1.614,1.591,1.658,1.634,1.582,1.506,0.038,1.414,1.042,1.078,1.401,1.414,1.556,1.540,1.620,1.614,1.556,1.489,0.039,1.392,0.637,0.678,1.206,1.176,1.497,1.489,1.570,1.574,1.551,1.481,0.038,1.434,0.188,0.183,0.525,0.502,1.400,1.355,1.477,1.514,1.490,1.452,0.038,1.341,0.093,0.098,0.228,0.212,1.082,1.042,1.418,1.434,1.425,1.400
14:49:10,37.0,0.037,1.365,1.474,1.458,1.476,1.523,1.529,1.539,1.545,1.537,1.555,1.545,0.038,1.476,1.442,1.397,1.542,1.582,1.603,1.589,1.616,1.619,1.582,1.508,0.037,1.427,1.400,1.416,1.474,1.433,1.614,1.602,1.633,1.632,1.580,1.501,0.038,1.407,1.366,1.410,1.442,1.521,1.614,1.600,1.653,1.630,1.591,1.510,0.038,1.416,1.079,1.111,1.404,1.416,1.564,1.546,1.618,1.610,1.562,1.493,0.039,1.392,0.674,0.719,1.241,1.211,1.501,1.494,1.578,1.586,1.557,1.485,0.038,1.438,0.194,0.189,0.555,0.530,1.404,1.375,1.480,1.519,1.493,1.456,0.038,1.342,0.096,0.105,0.236,0.219,1.115,1.073,1.421,1.437,1.426,1.401
14:59:10,37.1,0.037,1.366,1.480,1.467,1.495,1.530,1.536,1.548,1.552,1.545,1.561,1.552,0.038,1.486,1.448,1.405,1.549,1.589,1.601,1.591,1.614,1.622,1.590,1.514,0.037,1.431,1.424,1.419,1.482,1.445,1.613,1.603,1.631,1.631,1.595,1.507,0.038,1.411,1.382,1.411,1.456,1.534,1.613,1.605,1.652,1.630,1.602,1.515,0.038,1.419,1.107,1.145,1.411,1.423,1.575,1.554,1.615,1.606,1.571,1.497,0.039,1.395,0.708,0.754,1.273,1.245,1.508,1.501,1.588,1.595,1.563,1.489,0.038,1.446,0.201,0.196,0.583,0.558,1.410,1.383,1.485,1.525,1.497,1.460,0.038,1.343,0.099,0.101,0.246,0.228,1.147,1.107,1.426,1.442,1.429,1.403
15:09:10,37.0,0.038,1.368,1.485,1.477,1.513,1.537,1.542,1.557,1.558,1.553,1.568,1.558,0.038,1.495,1.460,1.408,1.559,1.601,1.599,1.589,1.611,1.620,1.597,1.521,0.037,1.434,1.421,1.422,1.493,1.447,1.612,1.599,1.632,1.627,1.603,1.515,0.038,1.413,1.378,1.413,1.462,1.555,1.608,1.601,1.653,1.631,1.608,1.521,0.038,1.422,1.146,1.188,1.415,1.428,1.584,1.563,1.615,1.603,1.581,1.502,0.039,1.396,0.744,0.792,1.300,1.273,1.514,1.506,1.604,1.594,1.571,1.494,0.038,1.454,0.207,0.203,0.614,0.588,1.419,1.389,1.488,1.532,1.502,1.464,0.038,1.343,0.102,0.103,0.254,0.237,1.177,1.137,1.429,1.445,1.432,1.404
15:19:10,37.1,0.038,1.370,1.490,1.493,1.518,1.544,1.546,1.562,1.563,1.561,1.574,1.564,0.038,1.505,1.472,1.408,1.567,1.609,1.597,1.586,1.612,1.616,1.601,1.528,0.037,1.436,1.413,1.426,1.504,1.452,1.609,1.597,1.630,1.625,1.606,1.520,0.038,1.414,1.375,1.414,1.473,1.573,1.604,1.595,1.649,1.627,1.610,1.528,0.038,1.426,1.172,1.227,1.419,1.435,1.585,1.572,1.613,1.605,1.591,1.507,0.039,1.398,0.781,0.828,1.325,1.300,1.520,1.512,1.607,1.590,1.585,1.498,0.038,1.459,0.215,0.210,0.645,0.618,1.426,1.395,1.493,1.538,1.507,1.467,0.038,1.344,0.106,0.106,0.264,0.247,1.200,1.164,1.433,1.448,1.435,1.408
15:29:10,37.1,0.037,1.371,1.495,1.512,1.526,1.548,1.545,1.561,1.562,1.566,1.580,1.570,0.038,1.514,1.478,1.415,1.574,1.612,1.596,1.583,1.611,1.613,1.600,1.535,0.037,1.440,1.424,1.431,1.516,1.456,1.606,1.596,1.628,1.627,1.604,1.528,0.038,1.417,1.381,1.417,1.484,1.583,1.602,1.593,1.646,1.624,1.607,1.532,0.038,1.434,1.203,1.258,1.430,1.457,1.581,1.575,1.610,1.603,1.594,1.512,0.039,1.399,0.816,0.863,1.349,1.327,1.526,1.518,1.603,1.585,1.590,1.504,0.038,1.468,0.224,0.218,0.678,0.649,1.430,1.398,1.498,1.547,1.513,1.472,0.038,1.344,0.112,0.107,0.274,0.256,1.222,1.185,1.437,1.452,1.438,1.411
15:39:10,37.1,0.038,1.374,1.502,1.521,1.535,1.547,1.542,1.559,1.559,1.565,1.585,1.573,0.038,1.528,1.488,1.415,1.575,1.612,1.593,1.582,1.607,1.616,1.597,1.541,0.037,1.443,1.412,1.444,1.530,1.462,1.601,1.593,1.624,1.624,1.601,1.539,0.038,1.419,1.380,1.425,1.496,1.596,1.598,1.591,1.642,1.620,1.603,1.538,0.038,1.442,1.230,1.288,1.438,1.459,1.576,1.571,1.608,1.600,1.592,1.519,0.039,1.399,0.849,0.895,1.372,1.350,1.531,1.524,1.598,1.583,1.591,1.510,0.038,1.478,0.232,0.227,0.712,0.682,1.431,1.403,1.502,1.560,1.518,1.475,0.038,1.344,0.113,0.112,0.284,0.267,1.246,1.209,1.441,1.456,1.442,1.413
15:49:10,37.1,0.037,1.376,1.508,1.528,1.539,1.543,1.538,1.558,1.555,1.561,1.588,1.573,0.038,1.544,1.498,1.429,1.573,1.609,1.589,1.580,1.605,1.613,1.594,1.546,0.037,1.453,1.439,1.450,1.550,1.475,1.597,1.590,1.620,1.621,1.600,1.544,0.038,1.430,1.387,1.433,1.508,1.604,1.595,1.590,1.638,1.616,1.601,1.544,0.038,1.452,1.259,1.311,1.461,1.468,1.573,1.570,1.602,1.596,1.588,1.529,0.039,1.403,0.882,0.931,1.379,1.370,1.537,1.533,1.596,1.585,1.588,1.522,0.038,1.488,0.241,0.235,0.746,0.716,1.434,1.407,1.507,1.559,1.526,1.480,0.038,1.345,0.116,0.114,0.296,0.278,1.266,1.230,1.445,1.460,1.445,1.416
15:59:10,37.1,0.038,1.379,1.515,1.534,1.539,1.540,1.538,1.557,1.554,1.561,1.587,1.570,0.038,1.552,1.517,1.434,1.570,1.609,1.585,1.576,1.601,1.610,1.592,1.545,0.037,1.462,1.434,1.460,1.563,1.483,1.592,1.586,1.616,1.617,1.600,1.546,0.038,1.439,1.389,1.446,1.521,1.605,1.591,1.587,1.634,1.612,1.601,1.547,0.038,1.461,1.300,1.332,1.482,1.468,1.572,1.565,1.598,1.592,1.585,1.535,0.039,1.407,0.916,0.966,1.385,1.371,1.538,1.538,1.597,1.583,1.584,1.526,0.038,1.496,0.249,0.244,0.781,0.751,1.437,1.410,1.513,1.554,1.540,1.486,0.038,1.345,0.119,0.116,0.307,0.290,1.284,1.250,1.450,1.464,1.449,1.419
16:09:10,37.1,0.037,1.384,1.522,1.535,1.538,1.541,1.535,1.554,1.553,1.561,1.583,1.566,0.038,1.558,1.531,1.446,1.570,1.608,1.581,1.572,1.597,1.606,1.592,1.541,0.037,1.471,1.443,1.469,1.571,1.493,1.589,1.582,1.613,1.613,1.597,1.543,0.038,1.448,1.393,1.452,1.535,1.603,1.587,1.583,1.630,1.609,1.600,1.549,0.038,1.471,1.321,1.351,1.478,1.476,1.572,1.561,1.595,1.588,1.585,1.538,0.039,1.417,0.950,1.002,1.388,1.381,1.537,1.539,1.597,1.580,1.581,1.528,0.038,1.507,0.260,0.254,0.818,0.786,1.438,1.413,1.520,1.548,1.544,1.496,0.038,1.347,0.122,0.121,0.320,0.303,1.302,1.269,1.455,1.469,1.454,1.423
16:19:10,37.0,0.037,1.389,1.525,1.537,1.539,1.539,1.532,1.549,1.550,1.558,1.580,1.565,0.038,1.566,1.543,1.455,1.569,1.605,1.577,1.567,1.592,1.602,1.590,1.538,0.037,1.480,1.438,1.479,1.572,1.503,1.585,1.578,1.609,1.610,1.594,1.539,0.038,1.457,1.394,1.466,1.556,1.591,1.583,1.579,1.626,1.605,1.597,1.546,0.038,1.479,1.339,1.354,1.484,1.481,1.569,1.559,1.590,1.584,1.583,1.538,0.039,1.425,0.985,1.035,1.398,1.391,1.535,1.539,1.593,1.576,1.581,1.526,0.038,1.527,0.270,0.264,0.853,0.822,1.444,1.414,1.528,1.548,1.542,1.503,0.038,1.347,0.126,0.125,0.333,0.316,1.316,1.285,1.462,1.476,1.460,1.427
16:29:10,37.1,0.037,1.398,1.523,1.538,1.538,1.535,1.528,1.546,1.547,1.554,1.579,1.563,0.038,1.566,1.554,1.464,1.566,1.601,1.573,1.563,1.589,1.599,1.587,1.538,0.037,1.489,1.441,1.490,1.579,1.509,1.581,1.573,1.605,1.605,1.590,1.539,0.038,1.467,1.396,1.486,1.565,1.589,1.577,1.573,1.622,1.600,1.593,1.542,0.038,1.489,1.350,1.359,1.493,1.484,1.565,1.558,1.588,1.580,1.581,1.534,0.039,1.434,1.018,1.071,1.412,1.395,1.531,1.538,1.589,1.572,1.579,1.522,0.038,1.536,0.280,0.275,0.888,0.857,1.445,1.416,1.531,1.547,1.537,1.503,0.038,1.346,0.127,0.126,0.347,0.330,1.315,1.292,1.473,1.488,1.472,1.432
16:39:10,37.0,0.037,1.407,1.520,1.535,1.534,1.532,1.525,1.542,1.543,1.551,1.577,1.560,0.038,1.565,1.556,1.474,1.563,1.597,1.569,1.560,1.585,1.595,1.583,1.535,0.037,1.500,1.453,1.504,1.583,1.525,1.577,1.570,1.602,1.602,1.586,1.537,0.038,1.477,1.403,1.497,1.569,1.589,1.575,1.570,1.618,1.597,1.590,1.541,0.038,1.499,1.351,1.360,1.504,1.492,1.562,1.557,1.583,1.577,1.577,1.531,0.039,1.443,1.050,1.103,1.420,1.401,1.529,1.537,1.585,1.568,1.575,1.520,0.038,1.541,0.292,0.286,0.921,0.892,1.451,1.419,1.532,1.545,1.534,1.499,0.038,1.347,0.130,0.129,0.361,0.343,1.319,1.295,1.472,1.488,1.474,1.445
16:49:10,37.1,0.037,1.417,1.517,1.532,1.531,1.528,1.520,1.538,1.539,1.547,1.573,1.557,0.038,1.562,1.555,1.484,1.559,1.593,1.565,1.556,1.582,1.590,1.579,1.532,0.037,1.509,1.462,1.526,1.579,1.534,1.574,1.566,1.598,1.599,1.583,1.534,0.038,1.487,1.415,1.508,1.577,1.586,1.570,1.565,1.615,1.593,1.586,1.539,0.038,1.510,1.354,1.366,1.510,1.496,1.558,1.554,1.579,1.573,1.574,1.529,0.039,1.453,1.081,1.135,1.423,1.404,1.528,1.534,1.581,1.564,1.572,1.518,0.038,1.548,0.304,0.297,0.954,0.925,1.454,1.421,1.533,1.542,1.533,1.495,0.038,1.347,0.133,0.132,0.376,0.358,1.321,1.298,1.467,1.482,1.472,1.447
16:59:10,37.0,0.037,1.427,1.518,1.529,1.527,1.524,1.518,1.534,1.535,1.543,1.570,1.553,0.038,1.558,1.553,1.495,1.555,1.588,1.562,1.552,1.578,1.587,1.576,1.528,0.037,1.521,1.470,1.543,1.575,1.543,1.570,1.563,1.595,1.595,1.579,1.530,0.038,1.497,1.423,1.520,1.580,1.582,1.566,1.561,1.611,1.590,1.582,1.536,0.038,1.530,1.357,1.370,1.514,1.499,1.554,1.550,1.575,1.569,1.570,1.527,0.039,1.462,1.111,1.166,1.424,1.407,1.529,1.531,1.577,1.561,1.567,1.516,0.038,1.555,0.317,0.310,0.986,0.958,1.460,1.425,1.530,1.538,1.531,1.494,0.038,1.348,0.135,0.133,0.393,0.373,1.322,1.299,1.463,1.478,1.467,1.443
17:09:10,37.0,0.037,1.436,1.515,1.525,1.524,1.520,1.514,1.531,1.532,1.539,1.566,1.550,0.038,1.554,1.553,1.505,1.550,1.584,1.558,1.549,1.575,1.583,1.572,1.524,0.037,1.534,1.479,1.551,1.566,1.547,1.567,1.559,1.590,1.591,1.575,1.526,0.038,1.510,1.433,1.527,1.577,1.577,1.563,1.558,1.607,1.586,1.578,1.532,0.038,1.539,1.362,1.373,1.517,1.502,1.550,1.546,1.572,1.566,1.566,1.524,0.039,1.471,1.140,1.194,1.429,1.409,1.528,1.529,1.573,1.557,1.563,1.512,0.038,1.556,0.330,0.323,1.017,0.990,1.465,1.428,1.526,1.534,1.528,1.492,0.038,1.350,0.138,0.133,0.409,0.389,1.323,1.300,1.464,1.478,1.466,1.441
17:19:10,37.0,0.037,1.447,1.511,1.522,1.520,1.517,1.510,1.528,1.528,1.536,1.562,1.546,0.038,1.550,1.551,1.514,1.546,1.580,1.554,1.545,1.570,1.580,1.568,1.520,0.037,1.544,1.484,1.554,1.557,1.555,1.563,1.555,1.587,1.587,1.571,1.522,0.038,1.526,1.444,1.531,1.565,1.573,1.559,1.554,1.604,1.582,1.575,1.529,0.038,1.544,1.364,1.377,1.517,1.501,1.545,1.541,1.571,1.562,1.561,1.520,0.039,1.481,1.167,1.222,1.431,1.411,1.524,1.529,1.569,1.553,1.560,1.508,0.038,1.553,0.344,0.336,1.048,1.021,1.467,1.434,1.522,1.530,1.524,1.490,0.038,1.353,0.139,0.133,0.426,0.407,1.325,1.301,1.462,1.477,1.464,1.440
17:29:10,37.1,0.037,1.456,1.508,1.518,1.517,1.513,1.506,1.524,1.524,1.532,1.558,1.542,0.038,1.547,1.548,1.536,1.542,1.576,1.551,1.542,1.567,1.577,1.565,1.516,0.037,1.552,1.497,1.555,1.560,1.571,1.560,1.552,1.584,1.584,1.567,1.519,0.038,1.535,1.470,1.531,1.569,1.569,1.557,1.551,1.601,1.579,1.571,1.525,0.038,1.554,1.368,1.379,1.520,1.509,1.543,1.539,1.565,1.558,1.558,1.516,0.039,1.492,1.194,1.249,1.437,1.414,1.521,1.528,1.566,1.549,1.555,1.504,0.038,1.550,0.359,0.351,1.078,1.051,1.469,1.437,1.520,1.526,1.519,1.486,0.038,1.356,0.142,0.136,0.445,0.423,1.327,1.302,1.460,1.475,1.461,1.437
17:39:10,37.1,0.037,1.472,1.503,1.514,1.514,1.510,1.503,1.522,1.522,1.529,1.555,1.539,0.038,1.542,1.544,1.551,1.538,1.571,1.547,1.538,1.564,1.574,1.561,1.512,0.037,1.555,1.506,1.555,1.550,1.572,1.556,1.549,1.580,1.580,1.564,1.515,0.038,1.539,1.483,1.528,1.554,1.565,1.553,1.548,1.597,1.576,1.567,1.521,0.038,1.560,1.371,1.384,1.519,1.507,1.539,1.535,1.564,1.554,1.554,1.512,0.039,1.511,1.216,1.274,1.442,1.417,1.518,1.527,1.561,1.545,1.552,1.500,0.038,1.547,0.374,0.366,1.108,1.081,1.470,1.440,1.521,1.522,1.515,1.482,0.038,1.361,0.143,0.137,0.463,0.440,1.330,1.303,1.457,1.472,1.458,1.434
17:49:10,37.0,0.037,1.487,1.500,1.511,1.510,1.506,1.500,1.518,1.518,1.526,1.552,1.535,0.038,1.539,1.540,1.555,1.534,1.568,1.544,1.534,1.560,1.570,1.558,1.509,0.037,1.565,1.515,1.552,1.544,1.571,1.553,1.545,1.577,1.577,1.560,1.510,0.038,1.550,1.488,1.524,1.550,1.561,1.550,1.545,1.593,1.573,1.564,1.517,0.038,1.560,1.374,1.393,1.519,1.506,1.535,1.531,1.561,1.551,1.550,1.508,0.039,1.524,1.235,1.297,1.445,1.421,1.514,1.524,1.557,1.542,1.548,1.496,0.038,1.544,0.392,0.382,1.136,1.111,1.471,1.442,1.521,1.518,1.511,1.478,0.038,1.370,0.145,0.138,0.483,0.460,1.331,1.306,1.454,1.468,1.455,1.430
17:59:10,37.0,0.037,1.492,1.496,1.507,1.506,1.502,1.496,1.515,1.514,1.523,1.548,1.532,0.038,1.535,1.536,1.557,1.530,1.564,1.541,1.531,1.557,1.566,1.554,1.505,0.037,1.569,1.527,1.550,1.541,1.581,1.549,1.542,1.574,1.573,1.556,1.507,0.038,1.553,1.497,1.525,1.545,1.556,1.547,1.541,1.591,1.569,1.560,1.513,0.038,1.558,1.382,1.401,1.517,1.507,1.532,1.528,1.558,1.548,1.547,1.504,0.039,1.529,1.254,1.318,1.450,1.425,1.511,1.521,1.554,1.538,1.544,1.492,0.038,1.541,0.408,0.399,1.164,1.139,1.472,1.443,1.519,1.514,1.508,1.474,0.038,1.377,0.146,0.140,0.503,0.480,1.331,1.308,1.451,1.464,1.452,1.427
18:09:10,37.1,0.037,1.493,1.493,1.504,1.503,1.499,1.494,1.511,1.511,1.519,1.544,1.529,0.038,1.532,1.533,1.560,1.527,1.560,1.538,1.528,1.555,1.563,1.552,1.502,0.037,1.569,1.540,1.547,1.537,1.582,1.548,1.539,1.571,1.571,1.553,1.504,0.038,1.553,1.504,1.524,1.541,1.553,1.544,1.538,1.588,1.567,1.557,1.510,0.038,1.555,1.391,1.412,1.515,1.505,1.530,1.525,1.552,1.545,1.543,1.501,0.039,1.537,1.274,1.337,1.453,1.428,1.507,1.518,1.551,1.536,1.540,1.489,0.038,1.537,0.426,0.417,1.190,1.167,1.474,1.443,1.516,1.511,1.503,1.471,0.038,1.386,0.152,0.144,0.523,0.500,1.335,1.310,1.447,1.461,1.448,1.423
18:19:10,37.0,0.037,1.496,1.490,1.501,1.500,1.496,1.490,1.508,1.508,1.516,1.541,1.526,0.038,1.529,1.529,1.559,1.524,1.557,1.535,1.525,1.552,1.560,1.548,1.498,0.037,1.566,1.553,1.543,1.534,1.578,1.545,1.536,1.569,1.568,1.550,1.500,0.038,1.550,1.508,1.522,1.536,1.549,1.541,1.535,1.585,1.564,1.554,1.506,0.038,1.552,1.401,1.423,1.512,1.501,1.527,1.521,1.550,1.542,1.540,1.497,0.039,1.542,1.291,1.344,1.455,1.430,1.504,1.514,1.548,1.532,1.536,1.485,0.038,1.533,0.445,0.434,1.211,1.191,1.477,1.445,1.513,1.507,1.499,1.467,0.038,1.393,0.154,0.146,0.544,0.521,1.336,1.311,1.443,1.458,1.444,1.419
18:29:10,37.0,0.037,1.496,1.486,1.497,1.496,1.492,1.487,1.505,1.505,1.512,1.538,1.522,0.038,1.526,1.525,1.556,1.520,1.553,1.533,1.523,1.549,1.556,1.545,1.495,0.037,1.563,1.567,1.536,1.529,1.573,1.543,1.533,1.565,1.565,1.547,1.496,0.038,1.547,1.511,1.518,1.532,1.545,1.538,1.532,1.581,1.561,1.550,1.503,0.038,1.549,1.412,1.440,1.510,1.499,1.523,1.518,1.546,1.540,1.536,1.494,0.039,1.542,1.295,1.341,1.456,1.431,1.501,1.511,1.544,1.529,1.533,1.481,0.038,1.530,0.465,0.456,1.232,1.212,1.475,1.445,1.510,1.504,1.496,1.464,0.038,1.400,0.157,0.149,0.567,0.543,1.338,1.313,1.440,1.454,1.441,1.415
18:39:10,37.0,0.037,1.494,1.483,1.494,1.493,1.489,1.484,1.502,1.502,1.509,1.534,1.520,0.038,1.523,1.521,1.552,1.517,1.550,1.529,1.519,1.546,1.554,1.542,1.492,0.037,1.560,1.568,1.530,1.526,1.568,1.539,1.531,1.563,1.562,1.544,1.493,0.038,1.544,1.514,1.515,1.529,1.542,1.535,1.529,1.579,1.558,1.547,1.500,0.038,1.544,1.430,1.459,1.512,1.498,1.520,1.515,1.546,1.537,1.533,1.490,0.039,1.543,1.300,1.342,1.457,1.432,1.498,1.507,1.541,1.526,1.529,1.478,0.038,1.526,0.486,0.475,1.255,1.234,1.471,1.445,1.507,1.500,1.492,1.460,0.038,1.408,0.159,0.150,0.590,0.565,1.341,1.313,1.437,1.451,1.438,1.413
18:49:10,37.0,0.037,1.491,1.480,1.491,1.490,1.486,1.482,1.499,1.499,1.506,1.532,1.516,0.038,1.520,1.518,1.548,1.514,1.546,1.527,1.517,1.544,1.551,1.539,1.488,0.037,1.556,1.569,1.526,1.523,1.564,1.537,1.528,1.560,1.560,1.541,1.490,0.038,1.540,1.515,1.510,1.525,1.538,1.533,1.526,1.577,1.556,1.544,1.496,0.038,1.541,1.452,1.469,1.513,1.496,1.517,1.512,1.541,1.534,1.530,1.487,0.039,1.538,1.302,1.347,1.459,1.434,1.495,1.504,1.538,1.523,1.526,1.474,0.038,1.523,0.507,0.495,1.274,1.255,1.468,1.447,1.504,1.497,1.488,1.457,0.038,1.416,0.161,0.153,0.614,0.588,1.342,1.317,1.434,1.448,1.434,1.409
18:59:10,37.1,0.037,1.488,1.477,1.488,1.487,1.483,1.479,1.497,1.496,1.503,1.528,1.513,0.038,1.517,1.514,1.544,1.511,1.544,1.524,1.515,1.541,1.548,1.536,1.485,0.037,1.553,1.573,1.524,1.521,1.559,1.534,1.525,1.557,1.557,1.538,1.487,0.038,1.537,1.516,1.507,1.522,1.535,1.530,1.524,1.574,1.553,1.541,1.493,0.038,1.538,1.454,1.479,1.513,1.498,1.515,1.509,1.539,1.531,1.527,1.484,0.039,1.537,1.308,1.352,1.461,1.435,1.492,1.501,1.535,1.520,1.523,1.471,0.038,1.520,0.528,0.518,1.295,1.277,1.466,1.449,1.501,1.494,1.485,1.453,0.038,1.424,0.164,0.155,0.639,0.611,1.345,1.319,1.431,1.445,1.431,1.406
19:09:10,37.0,0.037,1.484,1.474,1.485,1.484,1.480,1.476,1.494,1.493,1.500,1.525,1.510,0.038,1.515,1.511,1.540,1.508,1.540,1.522,1.512,1.539,1.546,1.534,1.482,0.037,1.549,1.569,1.518,1.517,1.553,1.532,1.522,1.555,1.554,1.535,1.483,0.038,1.533,1.514,1.503,1.518,1.532,1.528,1.521,1.571,1.550,1.538,1.490,0.038,1.534,1.464,1.485,1.511,1.497,1.512,1.506,1.537,1.529,1.524,1.480,0.039,1.534,1.312,1.359,1.461,1.437,1.489,1.498,1.532,1.518,1.519,1.468,0.038,1.518,0.552,0.540,1.308,1.296,1.463,1.453,1.497,1.491,1.481,1.450,0.038,1.436,0.166,0.158,0.664,0.635,1.347,1.321,1.428,1.442,1.427,1.403
19:19:10,37.0,0.037,1.481,1.471,1.482,1.481,1.478,1.474,1.491,1.491,1.498,1.523,1.508,0.038,1.512,1.507,1.534,1.506,1.538,1.519,1.509,1.536,1.543,1.531,1.479,0.037,1.545,1.565,1.512,1.514,1.549,1.529,1.520,1.552,1.552,1.532,1.480,0.038,1.530,1.510,1.499,1.516,1.529,1.525,1.518,1.569,1.548,1.536,1.487,0.038,1.531,1.470,1.489,1.509,1.497,1.509,1.504,1.534,1.526,1.521,1.477,0.039,1.530,1.315,1.374,1.462,1.437,1.486,1.496,1.529,1.515,1.517,1.465,0.038,1.515,0.576,0.564,1.319,1.307,1.464,1.450,1.495,1.488,1.478,1.447,0.038,1.449,0.170,0.160,0.689,0.661,1.349,1.324,1.425,1.439,1.424,1.400
19:29:10,37.0,0.037,1.478,1.468,1.480,1.478,1.475,1.472,1.489,1.488,1.495,1.520,1.505,0.038,1.510,1.504,1.530,1.503,1.535,1.517,1.506,1.534,1.540,1.528,1.476,0.037,1.542,1.561,1.509,1.512,1.544,1.527,1.517,1.550,1.549,1.530,1.478,0.038,1.526,1.507,1.495,1.512,1.525,1.523,1.516,1.566,1.546,1.533,1.483,0.038,1.528,1.474,1.492,1.505,1.496,1.506,1.501,1.532,1.524,1.518,1.474,0.039,1.527,1.323,1.379,1.464,1.439,1.484,1.493,1.527,1.512,1.513,1.462,0.038,1.512,0.601,0.588,1.323,1.317,1.464,1.446,1.492,1.485,1.474,1.444,0.038,1.454,0.172,0.164,0.714,0.687,1.351,1.325,1.422,1.436,1.421,1.397
19:39:10,37.0,0.037,1.474,1.465,1.478,1.476,1.472,1.469,1.486,1.485,1.492,1.517,1.502,0.038,1.507,1.501,1.525,1.500,1.532,1.515,1.504,1.531,1.538,1.526,1.473,0.037,1.539,1.555,1.504,1.509,1.540,1.524,1.515,1.547,1.546,1.527,1.475,0.038,1.523,1.511,1.492,1.510,1.522,1.520,1.513,1.564,1.543,1.530,1.481,0.038,1.525,1.476,1.494,1.502,1.493,1.504,1.498,1.529,1.522,1.515,1.470,0.039,1.524,1.340,1.382,1.465,1.440,1.481,1.490,1.524,1.510,1.511,1.458,0.038,1.510,0.626,0.613,1.323,1.323,1.464,1.443,1.489,1.482,1.471,1.441,0.038,1.462,0.175,0.166,0.739,0.713,1.352,1.327,1.419,1.433,1.418,1.394
19:49:10,37.1,0.037,1.471,1.462,1.475,1.474,1.470,1.467,1.484,1.483,1.490,1.514,1.499,0.038,1.505,1.498,1.521,1.498,1.530,1.512,1.502,1.529,1.536,1.523,1.471,0.037,1.536,1.550,1.500,1.507,1.537,1.522,1.512,1.545,1.544,1.525,1.472,0.038,1.520,1.511,1.488,1.507,1.519,1.518,1.511,1.561,1.541,1.527,1.477,0.038,1.523,1.479,1.495,1.498,1.490,1.501,1.496,1.527,1.519,1.513,1.468,0.039,1.521,1.344,1.385,1.469,1.441,1.478,1.488,1.522,1.507,1.508,1.456,0.038,1.507,0.653,0.640,1.324,1.326,1.464,1.440,1.486,1.479,1.468,1.438,0.038,1.468,0.178,0.170,0.765,0.739,1.353,1.328,1.417,1.431,1.415,1.391
19:59:10,37.0,0.037,1.468,1.460,1.472,1.470,1.468,1.465,1.482,1.481,1.488,1.512,1.497,0.038,1.503,1.495,1.517,1.495,1.527,1.509,1.499,1.527,1.533,1.521,1.468,0.037,1.532,1.546,1.497,1.504,1.533,1.520,1.510,1.543,1.542,1.522,1.470,0.038,1.517,1.508,1.486,1.504,1.516,1.516,1.508,1.559,1.539,1.525,1.475,0.038,1.519,1.481,1.493,1.495,1.487,1.499,1.493,1.524,1.517,1.510,1.465,0.039,1.517,1.350,1.388,1.472,1.442,1.476,1.484,1.519,1.505,1.505,1.453,0.038,1.505,0.679,0.667,1.324,1.325,1.462,1.440,1.483,1.477,1.465,1.435,0.038,1.468,0.181,0.172,0.791,0.764,1.353,1.328,1.414,1.428,1.412,1.388
20:09:10,37.1,0.037,1.464,1.456,1.469,1.468,1.465,1.462,1.479,1.478,1.486,1.509,1.495,0.038,1.501,1.491,1.513,1.492,1.524,1.507,1.496,1.524,1.531,1.518,1.466,0.037,1.530,1.540,1.493,1.502,1.530,1.518,1.507,1.540,1.539,1.520,1.467,0.038,1.514,1.505,1.481,1.502,1.513,1.513,1.506,1.556,1.536,1.522,1.472,0.038,1.517,1.480,1.488,1.491,1.484,1.496,1.490,1.525,1.514,1.507,1.462,0.039,1.513,1.353,1.393,1.469,1.445,1.473,1.482,1.516,1.502,1.502,1.450,0.038,1.502,0.706,0.693,1.324,1.324,1.459,1.441,1.480,1.474,1.462,1.432,0.038,1.466,0.185,0.174,0.816,0.791,1.354,1.330,1.411,1.425,1.410,1.386
20:19:10,37.0,0.037,1.462,1.454,1.468,1.466,1.464,1.460,1.478,1.476,1.484,1.507,1.493,0.038,1.499,1.490,1.510,1.490,1.522,1.505,1.494,1.522,1.528,1.516,1.464,0.037,1.528,1.536,1.490,1.499,1.526,1.516,1.505,1.539,1.537,1.517,1.464,0.038,1.512,1.501,1.478,1.500,1.511,1.511,1.504,1.554,1.534,1.520,1.470,0.038,1.515,1.479,1.485,1.489,1.481,1.494,1.488,1.520,1.513,1.505,1.459,0.039,1.513,1.357,1.399,1.466,1.449,1.470,1.479,1.514,1.500,1.500,1.447,0.038,1.501,0.734,0.722,1.328,1.323,1.457,1.441,1.478,1.472,1.460,1.429,0.038,1.464,0.188,0.178,0.841,0.818,1.356,1.329,1.409,1.423,1.407,1.383
20:29:10,37.1,0.037,1.458,1.452,1.466,1.464,1.461,1.458,1.475,1.474,1.482,1.504,1.490,0.038,1.496,1.486,1.505,1.487,1.520,1.502,1.492,1.520,1.526,1.513,1.461,0.037,1.524,1.532,1.487,1.498,1.523,1.514,1.503,1.536,1.535,1.516,1.462,0.038,1.510,1.497,1.475,1.497,1.508,1.509,1.501,1.552,1.532,1.518,1.467,0.038,1.512,1.475,1.485,1.485,1.478,1.492,1.486,1.521,1.510,1.502,1.457,0.039,1.508,1.364,1.404,1.462,1.448,1.468,1.477,1.512,1.497,1.499,1.445,0.038,1.498,0.761,0.749,1.329,1.324,1.454,1.440,1.474,1.468,1.457,1.426,0.038,1.462,0.191,0.182,0.865,0.843,1.355,1.330,1.407,1.420,1.404,1.381
20:39:10,37.0,0.037,1.456,1.450,1.464,1.462,1.459,1.456,1.474,1.472,1.479,1.502,1.488,0.038,1.495,1.484,1.503,1.486,1.518,1.501,1.490,1.518,1.524,1.511,1.459,0.037,1.522,1.527,1.484,1.495,1.519,1.511,1.501,1.534,1.533,1.513,1.460,0.038,1.507,1.493,1.471,1.495,1.506,1.507,1.499,1.550,1.530,1.515,1.465,0.038,1.510,1.469,1.483,1.483,1.475,1.489,1.483,1.516,1.508,1.500,1.454,0.039,1.506,1.369,1.407,1.461,1.445,1.466,1.474,1.509,1.496,1.496,1.443,0.038,1.496,0.790,0.779,1.330,1.327,1.452,1.439,1.472,1.467,1.454,1.424,0.038,1.459,0.195,0.185,0.886,0.868,1.356,1.330,1.404,1.418,1.402,1.377
20:49:10,37.0,0.037,1.453,1.447,1.462,1.461,1.457,1.454,1.471,1.470,1.477,1.500,1.486,0.038,1.493,1.481,1.500,1.483,1.515,1.498,1.488,1.516,1.522,1.509,1.457,0.037,1.520,1.523,1.480,1.494,1.516,1.509,1.498,1.532,1.530,1.511,1.458,0.038,1.505,1.488,1.469,1.493,1.503,1.505,1.497,1.547,1.528,1.513,1.462,0.038,1.508,1.466,1.484,1.480,1.473,1.487,1.480,1.515,1.506,1.498,1.452,0.039,1.505,1.374,1.409,1.464,1.442,1.463,1.471,1.507,1.493,1.493,1.440,0.038,1.495,0.818,0.807,1.331,1.328,1.450,1.437,1.470,1.465,1.452,1.422,0.038,1.457,0.199,0.189,0.909,0.892,1.356,1.330,1.402,1.415,1.399,1.375
20:59:10,37.0,0.037,1.450,1.445,1.459,1.458,1.455,1.452,1.469,1.468,1.475,1.498,1.483,0.038,1.491,1.479,1.496,1.480,1.513,1.496,1.485,1.513,1.520,1.507,1.455,0.037,1.517,1.519,1.478,1.491,1.513,1.507,1.496,1.530,1.528,1.509,1.455,0.038,1.502,1.485,1.466,1.490,1.501,1.502,1.495,1.546,1.526,1.511,1.460,0.038,1.505,1.467,1.477,1.476,1.470,1.485,1.478,1.515,1.504,1.496,1.450,0.039,1.502,1.377,1.410,1.466,1.440,1.460,1.469,1.505,1.491,1.491,1.438,0.038,1.492,0.845,0.833,1.332,1.328,1.447,1.435,1.466,1.462,1.450,1.419,0.038,1.454,0.203,0.193,0.931,0.916,1.357,1.331,1.400,1.413,1.397,1.373
21:09:10,37.1,0.037,1.448,1.443,1.457,1.456,1.453,1.450,1.467,1.466,1.474,1.495,1.482,0.038,1.489,1.476,1.493,1.478,1.510,1.494,1.483,1.511,1.518,1.504,1.452,0.037,1.515,1.516,1.475,1.489,1.511,1.505,1.494,1.528,1.526,1.507,1.454,0.038,1.500,1.481,1.463,1.488,1.498,1.500,1.492,1.544,1.524,1.509,1.458,0.038,1.503,1.468,1.473,1.474,1.467,1.483,1.476,1.513,1.501,1.493,1.448,0.039,1.498,1.380,1.411,1.465,1.438,1.458,1.466,1.503,1.489,1.489,1.435,0.038,1.491,0.872,0.862,1.333,1.329,1.445,1.432,1.464,1.459,1.447,1.417,0.038,1.451,0.207,0.196,0.953,0.937,1.357,1.334,1.405,1.411,1.395,1.370
21:19:10,37.0,0.037,1.446,1.441,1.456,1.454,1.451,1.448,1.465,1.464,1.472,1.493,1.479,0.038,1.487,1.474,1.490,1.476,1.508,1.492,1.482,1.509,1.516,1.502,1.451,0.037,1.513,1.512,1.472,1.487,1.508,1.503,1.492,1.526,1.524,1.505,1.451,0.038,1.498,1.477,1.460,1.487,1.496,1.498,1.490,1.542,1.522,1.507,1.455,0.038,1.501,1.467,1.469,1.471,1.464,1.480,1.474,1.511,1.500,1.491,1.445,0.039,1.496,1.381,1.412,1.465,1.443,1.456,1.464,1.501,1.486,1.487,1.433,0.038,1.489,0.897,0.888,1.333,1.329,1.442,1.431,1.461,1.458,1.445,1.415,0.038,1.449,0.212,0.200,0.973,0.958,1.358,1.332,1.395,1.409,1.392,1.368
21:29:10,37.0,0.037,1.444,1.439,1.454,1.453,1.450,1.446,1.464,1.462,1.470,1.491,1.477,0.038,1.486,1.472,1.488,1.474,1.506,1.491,1.480,1.508,1.514,1.500,1.448,0.037,1.511,1.509,1.470,1.486,1.505,1.501,1.490,1.524,1.522,1.503,1.451,0.038,1.496,1.474,1.458,1.484,1.494,1.497,1.488,1.540,1.520,1.505,1.454,0.038,1.499,1.465,1.465,1.468,1.462,1.479,1.472,1.507,1.499,1.489,1.444,0.039,1.495,1.382,1.413,1.464,1.443,1.454,1.462,1.499,1.485,1.484,1.432,0.038,1.487,0.923,0.915,1.333,1.329,1.440,1.428,1.459,1.456,1.443,1.413,0.038,1.446,0.215,0.205,0.995,0.979,1.361,1.332,1.394,1.407,1.390,1.365
21:39:10,37.0,0.037,1.442,1.438,1.453,1.451,1.448,1.444,1.462,1.460,1.468,1.489,1.475,0.038,1.484,1.470,1.485,1.472,1.504,1.489,1.478,1.506,1.512,1.499,1.446,0.037,1.509,1.506,1.467,1.484,1.503,1.500,1.488,1.523,1.521,1.501,1.448,0.038,1.494,1.471,1.456,1.482,1.492,1.495,1.487,1.538,1.518,1.503,1.452,0.038,1.497,1.463,1.463,1.466,1.459,1.477,1.470,1.506,1.497,1.487,1.442,0.039,1.494,1.383,1.414,1.462,1.442,1.452,1.460,1.497,1.484,1.482,1.430,0.038,1.486,0.948,0.942,1.334,1.329,1.438,1.426,1.456,1.454,1.441,1.411,0.038,1.444,0.220,0.208,1.016,1.000,1.365,1.334,1.392,1.405,1.388,1.364
21:49:10,37.1,0.038,1.439,1.435,1.451,1.449,1.446,1.443,1.460,1.459,1.466,1.487,1.473,0.038,1.482,1.468,1.482,1.470,1.502,1.487,1.476,1.504,1.510,1.497,1.445,0.037,1.506,1.503,1.465,1.483,1.500,1.498,1.487,1.521,1.519,1.499,1.446,0.038,1.492,1.468,1.453,1.480,1.490,1.493,1.485,1.536,1.517,1.501,1.450,0.038,1.495,1.459,1.458,1.463,1.456,1.475,1.468,1.506,1.494,1.484,1.439,0.039,1.488,1.384,1.414,1.459,1.441,1.450,1.457,1.494,1.481,1.480,1.427,0.038,1.484,0.973,0.966,1.334,1.329,1.435,1.424,1.454,1.451,1.439,1.409,0.038,1.442,0.224,0.213,1.037,1.020,1.365,1.335,1.390,1.404,1.387,1.362
21:59:10,37.1,0.037,1.438,1.433,1.449,1.448,1.444,1.441,1.458,1.457,1.464,1.485,1.471,0.038,1.481,1.465,1.480,1.468,1.500,1.485,1.474,1.502,1.508,1.495,1.443,0.037,1.504,1.500,1.463,1.481,1.498,1.496,1.485,1.519,1.517,1.498,1.444,0.038,1.490,1.465,1.450,1.478,1.488,1.491,1.483,1.534,1.515,1.499,1.447,0.038,1.494,1.455,1.454,1.461,1.454,1.473,1.466,1.504,1.493,1.483,1.437,0.039,1.490,1.384,1.415,1.457,1.439,1.448,1.455,1.493,1.479,1.479,1.425,0.038,1.482,0.998,0.991,1.334,1.329,1.433,1.421,1.452,1.450,1.437,1.407,0.038,1.440,0.230,0.218,1.055,1.039,1.362,1.341,1.388,1.402,1.385,1.359
22:09:10,37.0,0.037,1.436,1.432,1.448,1.446,1.443,1.439,1.457,1.455,1.463,1.483,1.469,0.038,1.480,1.464,1.478,1.466,1.498,1.483,1.472,1.501,1.506,1.493,1.441,0.037,1.503,1.497,1.461,1.479,1.495,1.494,1.483,1.517,1.515,1.496,1.442,0.038,1.488,1.462,1.448,1.477,1.486,1.490,1.481,1.532,1.513,1.498,1.446,0.038,1.492,1.451,1.451,1.459,1.451,1.472,1.464,1.500,1.492,1.481,1.436,0.039,1.485,1.384,1.416,1.454,1.437,1.446,1.453,1.491,1.478,1.476,1.424,0.038,1.480,1.021,1.015,1.337,1.329,1.431,1.419,1.450,1.448,1.435,1.406,0.038,1.438,0.235,0.222,1.073,1.058,1.358,1.343,1.386,1.400,1.383,1.358
22:19:10,37.1,0.037,1.434,1.430,1.446,1.444,1.440,1.437,1.454,1.453,1.460,1.480,1.467,0.038,1.478,1.461,1.474,1.463,1.496,1.480,1.470,1.499,1.505,1.491,1.439,0.037,1.500,1.494,1.458,1.478,1.493,1.493,1.482,1.515,1.513,1.494,1.440,0.038,1.486,1.459,1.445,1.475,1.484,1.488,1.479,1.531,1.511,1.495,1.443,0.038,1.490,1.448,1.446,1.456,1.448,1.470,1.462,1.501,1.490,1.479,1.434,0.039,1.482,1.385,1.416,1.452,1.434,1.444,1.450,1.489,1.475,1.475,1.422,0.038,1.479,1.043,1.039,1.338,1.329,1.428,1.417,1.447,1.446,1.433,1.404,0.038,1.436,0.239,0.226,1.090,1.074,1.355,1.341,1.385,1.398,1.381,1.356
22:29:10,37.1,0.037,1.432,1.429,1.445,1.443,1.439,1.436,1.454,1.451,1.459,1.479,1.466,0.038,1.477,1.460,1.472,1.462,1.494,1.480,1.469,1.498,1.503,1.489,1.437,0.037,1.499,1.491,1.456,1.475,1.490,1.491,1.479,1.514,1.512,1.492,1.439,0.038,1.484,1.455,1.444,1.473,1.482,1.486,1.478,1.529,1.510,1.494,1.442,0.038,1.489,1.445,1.444,1.454,1.446,1.468,1.461,1.497,1.488,1.478,1.432,0.039,1.483,1.385,1.417,1.449,1.432,1.443,1.449,1.487,1.474,1.473,1.420,0.038,1.477,1.065,1.061,1.339,1.330,1.427,1.415,1.446,1.445,1.431,1.402,0.038,1.434,0.245,0.231,1.107,1.090,1.356,1.335,1.383,1.397,1.379,1.353
22:39:10,37.1,0.037,1.431,1.427,1.443,1.442,1.438,1.435,1.452,1.450,1.457,1.477,1.464,0.038,1.476,1.458,1.471,1.461,1.493,1.478,1.467,1.496,1.501,1.488,1.436,0.037,1.497,1.489,1.454,1.474,1.487,1.489,1.478,1.512,1.511,1.490,1.438,0.038,1.483,1.453,1.441,1.472,1.480,1.485,1.476,1.527,1.508,1.492,1.441,0.038,1.487,1.441,1.441,1.452,1.443,1.466,1.458,1.496,1.487,1.476,1.431,0.039,1.482,1.386,1.418,1.447,1.429,1.441,1.447,1.485,1.472,1.470,1.419,0.038,1.475,1.085,1.083,1.339,1.330,1.424,1.413,1.444,1.443,1.430,1.400,0.038,1.432,0.250,0.236,1.123,1.106,1.355,1.331,1.382,1.395,1.378,1.351
22:49:10,37.1,0.037,1.429,1.426,1.442,1.440,1.436,1.433,1.450,1.448,1.456,1.475,1.462,0.038,1.474,1.456,1.469,1.459,1.491,1.476,1.465,1.494,1.499,1.486,1.434,0.037,1.495,1.486,1.452,1.472,1.486,1.488,1.476,1.511,1.509,1.488,1.436,0.038,1.481,1.450,1.439,1.470,1.478,1.483,1.474,1.526,1.507,1.490,1.439,0.038,1.485,1.438,1.437,1.449,1.441,1.465,1.457,1.494,1.485,1.474,1.429,0.039,1.479,1.387,1.419,1.445,1.427,1.439,1.445,1.484,1.470,1.468,1.417,0.038,1.474,1.106,1.102,1.339,1.330,1.422,1.411,1.442,1.441,1.428,1.399,0.038,1.430,0.256,0.240,1.139,1.121,1.354,1.332,1.381,1.394,1.376,1.350
22:59:10,37.0,0.037,1.427,1.423,1.440,1.438,1.434,1.431,1.449,1.447,1.454,1.474,1.460,0.038,1.472,1.454,1.466,1.457,1.490,1.474,1.463,1.492,1.497,1.484,1.432,0.037,1.494,1.484,1.450,1.471,1.484,1.486,1.475,1.508,1.506,1.487,1.434,0.038,1.480,1.448,1.436,1.469,1.477,1.482,1.473,1.524,1.505,1.488,1.436,0.038,1.483,1.435,1.435,1.446,1.438,1.463,1.455,1.494,1.483,1.471,1.427,0.039,1.477,1.388,1.420,1.442,1.424,1.437,1.443,1.482,1.469,1.466,1.415,0.038,1.472,1.126,1.123,1.339,1.332,1.420,1.409,1.440,1.440,1.426,1.397,0.038,1.429,0.262,0.246,1.154,1.137,1.352,1.331,1.379,1.392,1.375,1.348
23:09:10,37.0,0.037,1.426,1.423,1.439,1.438,1.433,1.430,1.447,1.445,1.453,1.472,1.459,0.038,1.471,1.453,1.464,1.456,1.488,1.473,1.462,1.491,1.496,1.482,1.431,0.037,1.492,1.482,1.448,1.470,1.482,1.485,1.473,1.508,1.506,1.486,1.433,0.038,1.478,1.445,1.435,1.467,1.475,1.480,1.471,1.522,1.504,1.487,1.435,0.038,1.482,1.433,1.431,1.445,1.437,1.462,1.454,1.491,1.482,1.470,1.425,0.039,1.475,1.389,1.422,1.440,1.422,1.436,1.442,1.481,1.468,1.466,1.414,0.038,1.471,1.145,1.143,1.339,1.333,1.418,1.407,1.438,1.438,1.425,1.396,0.038,1.427,0.269,0.252,1.170,1.154,1.351,1.330,1.377,1.390,1.373,1.346
23:19:10,37.0,0.037,1.425,1.420,1.437,1.435,1.431,1.428,1.446,1.444,1.451,1.470,1.457,0.038,1.469,1.451,1.462,1.453,1.486,1.471,1.460,1.489,1.495,1.480,1.429,0.037,1.490,1.479,1.446,1.468,1.479,1.483,1.471,1.505,1.503,1.484,1.431,0.038,1.476,1.443,1.432,1.465,1.473,1.478,1.469,1.521,1.502,1.485,1.433,0.038,1.480,1.429,1.428,1.442,1.434,1.460,1.452,1.492,1.480,1.468,1.423,0.039,1.470,1.390,1.425,1.437,1.419,1.433,1.440,1.478,1.465,1.464,1.411,0.038,1.470,1.164,1.163,1.339,1.332,1.416,1.405,1.436,1.436,1.422,1.394,0.038,1.426,0.275,0.259,1.189,1.173,1.349,1.328,1.376,1.389,1.371,1.343
23:29:10,37.1,0.037,1.424,1.420,1.437,1.435,1.430,1.427,1.445,1.442,1.450,1.468,1.455,0.038,1.468,1.449,1.460,1.452,1.485,1.470,1.458,1.488,1.493,1.478,1.427,0.037,1.489,1.477,1.445,1.467,1.478,1.482,1.470,1.504,1.502,1.482,1.432,0.038,1.474,1.440,1.430,1.464,1.472,1.477,1.468,1.519,1.501,1.483,1.432,0.038,1.479,1.427,1.426,1.441,1.432,1.458,1.450,1.488,1.479,1.467,1.422,0.039,1.472,1.393,1.428,1.434,1.417,1.432,1.438,1.477,1.464,1.462,1.411,0.038,1.468,1.182,1.181,1.339,1.332,1.413,1.403,1.435,1.435,1.422,1.393,0.038,1.424,0.283,0.265,1.199,1.183,1.348,1.326,1.375,1.388,1.369,1.341
23:39:10,37.1,0.037,1.422,1.419,1.435,1.434,1.429,1.425,1.443,1.441,1.448,1.466,1.454,0.038,1.467,1.448,1.458,1.451,1.483,1.468,1.457,1.486,1.492,1.477,1.425,0.037,1.488,1.475,1.443,1.465,1.476,1.480,1.468,1.503,1.501,1.480,1.428,0.038,1.473,1.438,1.428,1.462,1.470,1.475,1.466,1.518,1.499,1.482,1.431,0.038,1.477,1.424,1.423,1.439,1.430,1.457,1.448,1.486,1.477,1.465,1.421,0.039,1.469,1.395,1.427,1.432,1.415,1.431,1.436,1.476,1.463,1.461,1.409,0.038,1.467,1.199,1.199,1.339,1.332,1.411,1.401,1.433,1.433,1.419,1.391,0.038,1.423,0.291,0.272,1.209,1.193,1.346,1.324,1.373,1.386,1.368,1.340
23:49:10,37.0,0.037,1.421,1.417,1.434,1.432,1.428,1.424,1.442,1.439,1.447,1.465,1.452,0.038,1.466,1.446,1.456,1.449,1.482,1.467,1.456,1.485,1.490,1.475,1.425,0.037,1.486,1.473,1.441,1.464,1.474,1.479,1.467,1.502,1.500,1.479,1.427,0.038,1.472,1.436,1.427,1.461,1.469,1.474,1.465,1.516,1.498,1.480,1.429,0.038,1.475,1.421,1.421,1.436,1.428,1.456,1.447,1.486,1.476,1.463,1.419,0.039,1.465,1.395,1.425,1.430,1.412,1.429,1.435,1.474,1.461,1.458,1.408,0.038,1.465,1.218,1.217,1.340,1.332,1.410,1.399,1.431,1.432,1.418,1.390,0.038,1.422,0.297,0.278,1.217,1.201,1.344,1.323,1.372,1.385,1.367,1.337
0:00:00,,,,,,,,,,,,,,,,,,,,,,,,,,,,,,,,,,,,,,,,,,,,,,,,,,,,,,,,,,,,,,,,,,,,,,,,,,,,,,,,,,,,,,,,,,,,,,,,,
0:00:00,,,,,,,,,,,,,,,,,,,,,,,,,,,,,,,,,,,,,,,,,,,,,,,,,,,,,,,,,,,,,,,,,,,,,,,,,,,,,,,,,,,,,,,,,,,,,,,,,

