0:06:10,37.0,0.038,0.067,0.069,0.062,0.066,0.068,0.061,0.068,0.070,0.064,0.043,0.037,0.070,0.070,0.080,0.072,0.089,0.068,0.058,0.075,0.066,0.068,0.060,0.071,0.058,0.075,0.066,0.069,0.065,0.067,0.060,0.069,0.070,0.071,0.075,0.069,0.069,0.061,0.069,0.069,0.074,0.070,0.058,0.077,0.067,0.050,0.077,0.065,0.079,0.071,0.059,0.076,0.062,0.064,0.060,0.067,0.071,0.063,0.064,0.062,0.068,0.068,0.095,0.063,0.074,0.067,0.058,0.075,0.065,0.068,0.069,0.076,0.075,0.073,0.082,0.072,0.063,0.069,0.061,0.069,0.069,0.071,0.056,0.076,0.045,0.059,0.077,0.079,0.073,0.068,0.058,0.075,0.067,0.065,0.038,0.038
0:13:10,36.9,0.038,0.067,0.070,0.063,0.067,0.069,0.062,0.069,0.072,0.065,0.043,0.038,0.071,0.071,0.081,0.073,0.091,0.070,0.059,0.077,0.067,0.068,0.061,0.071,0.059,0.077,0.067,0.070,0.066,0.067,0.061,0.071,0.072,0.072,0.075,0.069,0.070,0.064,0.070,0.071,0.075,0.073,0.059,0.078,0.068,0.051,0.079,0.066,0.081,0.072,0.060,0.078,0.063,0.065,0.061,0.077,0.070,0.063,0.065,0.062,0.069,0.069,0.094,0.064,0.075,0.069,0.059,0.077,0.066,0.069,0.070,0.077,0.076,0.074,0.083,0.073,0.064,0.069,0.062,0.070,0.071,0.073,0.057,0.078,0.046,0.060,0.078,0.081,0.074,0.069,0.059,0.077,0.068,0.067,0.038,0.038
0:20:10,37.0,0.038,0.069,0.071,0.065,0.068,0.070,0.063,0.070,0.073,0.065,0.043,0.038,0.072,0.073,0.083,0.075,0.088,0.071,0.060,0.078,0.069,0.069,0.062,0.072,0.060,0.078,0.068,0.071,0.066,0.069,0.063,0.072,0.073,0.073,0.075,0.070,0.071,0.064,0.083,0.073,0.075,0.075,0.060,0.080,0.069,0.051,0.080,0.068,0.084,0.073,0.061,0.080,0.064,0.066,0.062,0.074,0.072,0.064,0.065,0.063,0.070,0.070,0.093,0.065,0.076,0.070,0.060,0.078,0.068,0.070,0.072,0.077,0.078,0.076,0.085,0.075,0.064,0.070,0.064,0.071,0.072,0.073,0.057,0.079,0.045,0.062,0.080,0.082,0.074,0.070,0.060,0.078,0.069,0.069,0.038,0.038
0:27:10,37.0,0.038,0.070,0.072,0.066,0.069,0.071,0.064,0.071,0.075,0.065,0.043,0.038,0.074,0.074,0.085,0.076,0.085,0.072,0.061,0.080,0.070,0.069,0.062,0.074,0.062,0.080,0.070,0.073,0.067,0.070,0.064,0.073,0.075,0.075,0.076,0.070,0.073,0.065,0.084,0.074,0.077,0.077,0.061,0.082,0.070,0.051,0.082,0.069,0.090,0.074,0.062,0.082,0.064,0.067,0.063,0.072,0.074,0.064,0.065,0.064,0.072,0.071,0.095,0.066,0.077,0.071,0.061,0.083,0.069,0.072,0.073,0.077,0.076,0.078,0.088,0.077,0.065,0.071,0.065,0.073,0.074,0.074,0.058,0.081,0.045,0.063,0.082,0.083,0.075,0.071,0.061,0.080,0.071,0.070,0.038,0.038
0:34:10,37.0,0.038,0.072,0.074,0.067,0.070,0.073,0.065,0.073,0.077,0.065,0.043,0.038,0.076,0.077,0.088,0.078,0.094,0.074,0.063,0.082,0.072,0.070,0.063,0.075,0.063,0.082,0.072,0.075,0.069,0.071,0.065,0.075,0.077,0.077,0.076,0.071,0.075,0.066,0.086,0.077,0.078,0.078,0.064,0.084,0.072,0.052,0.084,0.071,0.091,0.077,0.064,0.084,0.065,0.068,0.065,0.074,0.076,0.064,0.066,0.064,0.075,0.073,0.098,0.068,0.078,0.072,0.062,0.083,0.071,0.074,0.075,0.078,0.081,0.080,0.091,0.079,0.066,0.073,0.067,0.075,0.077,0.074,0.058,0.084,0.045,0.064,0.084,0.085,0.077,0.072,0.062,0.083,0.073,0.072,0.038,0.038
0:41:10,37.1,0.038,0.073,0.076,0.069,0.071,0.074,0.066,0.075,0.079,0.065,0.043,0.038,0.078,0.079,0.090,0.081,0.095,0.075,0.064,0.085,0.074,0.070,0.064,0.077,0.064,0.085,0.074,0.077,0.070,0.073,0.067,0.077,0.080,0.079,0.077,0.071,0.077,0.068,0.089,0.080,0.080,0.080,0.063,0.087,0.075,0.052,0.087,0.072,0.090,0.079,0.065,0.088,0.066,0.070,0.066,0.081,0.079,0.065,0.066,0.065,0.077,0.076,0.098,0.070,0.079,0.074,0.063,0.086,0.074,0.076,0.078,0.078,0.081,0.083,0.094,0.082,0.067,0.074,0.068,0.077,0.079,0.075,0.059,0.086,0.043,0.066,0.087,0.087,0.078,0.074,0.063,0.086,0.076,0.075,0.038,0.041
0:48:10,37.0,0.038,0.075,0.078,0.071,0.071,0.076,0.068,0.078,0.082,0.066,0.043,0.038,0.080,0.082,0.093,0.083,0.097,0.077,0.066,0.087,0.077,0.071,0.065,0.079,0.066,0.088,0.077,0.080,0.071,0.074,0.069,0.080,0.083,0.082,0.078,0.072,0.080,0.070,0.091,0.084,0.081,0.082,0.067,0.090,0.078,0.052,0.090,0.075,0.095,0.082,0.067,0.091,0.067,0.071,0.068,0.079,0.081,0.065,0.067,0.066,0.080,0.078,0.100,0.072,0.080,0.075,0.065,0.089,0.076,0.078,0.081,0.079,0.082,0.086,0.098,0.085,0.068,0.075,0.070,0.080,0.082,0.076,0.059,0.089,0.045,0.067,0.090,0.090,0.079,0.076,0.065,0.089,0.078,0.077,0.038,0.038
0:55:10,37.0,0.038,0.078,0.081,0.072,0.072,0.078,0.070,0.080,0.085,0.067,0.043,0.038,0.083,0.085,0.097,0.086,0.096,0.080,0.067,0.091,0.080,0.072,0.066,0.082,0.068,0.091,0.080,0.083,0.072,0.076,0.070,0.083,0.086,0.085,0.078,0.073,0.082,0.074,0.094,0.087,0.083,0.084,0.067,0.093,0.081,0.053,0.092,0.077,0.100,0.085,0.069,0.094,0.068,0.072,0.070,0.083,0.084,0.066,0.068,0.067,0.082,0.080,0.103,0.074,0.082,0.077,0.066,0.092,0.079,0.081,0.083,0.079,0.086,0.089,0.102,0.088,0.069,0.077,0.072,0.083,0.085,0.076,0.060,0.092,0.042,0.069,0.094,0.093,0.081,0.077,0.066,0.092,0.081,0.080,0.038,0.038
1:02:10,37.0,0.038,0.080,0.083,0.075,0.074,0.080,0.072,0.083,0.087,0.067,0.043,0.038,0.085,0.088,0.100,0.089,0.101,0.082,0.069,0.094,0.082,0.072,0.067,0.084,0.070,0.094,0.083,0.086,0.074,0.078,0.072,0.086,0.089,0.088,0.079,0.074,0.085,0.077,0.097,0.091,0.085,0.087,0.069,0.097,0.084,0.054,0.096,0.080,0.101,0.088,0.071,0.098,0.070,0.074,0.071,0.085,0.088,0.066,0.068,0.068,0.085,0.083,0.106,0.077,0.083,0.079,0.068,0.096,0.082,0.084,0.087,0.080,0.089,0.092,0.105,0.091,0.070,0.079,0.073,0.086,0.089,0.077,0.061,0.095,0.042,0.071,0.097,0.096,0.082,0.079,0.068,0.096,0.084,0.083,0.038,0.038
1:09:10,37.0,0.038,0.083,0.086,0.077,0.075,0.081,0.073,0.085,0.090,0.068,0.043,0.038,0.088,0.091,0.104,0.092,0.103,0.084,0.071,0.098,0.085,0.073,0.068,0.087,0.072,0.098,0.086,0.089,0.075,0.080,0.075,0.089,0.093,0.091,0.079,0.074,0.088,0.079,0.100,0.094,0.087,0.089,0.070,0.101,0.087,0.054,0.099,0.082,0.106,0.091,0.073,0.102,0.071,0.076,0.074,0.090,0.091,0.067,0.069,0.069,0.088,0.085,0.108,0.079,0.085,0.081,0.070,0.099,0.085,0.086,0.090,0.081,0.094,0.095,0.108,0.094,0.071,0.080,0.075,0.089,0.092,0.077,0.062,0.098,0.042,0.073,0.100,0.099,0.084,0.081,0.069,0.099,0.087,0.085,0.038,0.038
1:16:10,37.0,0.038,0.086,0.089,0.079,0.079,0.083,0.075,0.088,0.093,0.068,0.043,0.038,0.090,0.095,0.108,0.096,0.104,0.086,0.073,0.102,0.088,0.074,0.069,0.089,0.074,0.101,0.089,0.092,0.077,0.082,0.077,0.092,0.096,0.095,0.080,0.075,0.091,0.078,0.103,0.099,0.089,0.091,0.072,0.105,0.090,0.054,0.103,0.085,0.115,0.094,0.075,0.106,0.072,0.078,0.075,0.091,0.095,0.067,0.070,0.069,0.091,0.088,0.112,0.083,0.086,0.083,0.071,0.103,0.089,0.089,0.093,0.079,0.097,0.098,0.113,0.098,0.072,0.082,0.077,0.092,0.095,0.078,0.062,0.102,0.046,0.074,0.104,0.099,0.085,0.083,0.071,0.102,0.090,0.088,0.038,0.038
1:23:10,37.1,0.038,0.088,0.092,0.081,0.078,0.086,0.077,0.091,0.097,0.069,0.043,0.038,0.093,0.098,0.112,0.100,0.106,0.088,0.075,0.106,0.091,0.075,0.070,0.092,0.076,0.105,0.092,0.095,0.078,0.084,0.079,0.096,0.100,0.099,0.081,0.076,0.094,0.084,0.106,0.102,0.091,0.094,0.074,0.109,0.093,0.055,0.106,0.088,0.112,0.097,0.077,0.110,0.073,0.079,0.077,0.098,0.101,0.068,0.070,0.070,0.095,0.091,0.112,0.085,0.088,0.085,0.073,0.107,0.092,0.092,0.096,0.082,0.098,0.102,0.117,0.101,0.073,0.084,0.079,0.095,0.099,0.079,0.063,0.105,0.047,0.076,0.107,0.106,0.087,0.085,0.072,0.106,0.092,0.091,0.038,0.038
1:30:10,37.1,0.038,0.092,0.095,0.084,0.079,0.087,0.079,0.094,0.100,0.069,0.043,0.038,0.097,0.102,0.116,0.104,0.099,0.090,0.076,0.110,0.095,0.075,0.071,0.095,0.078,0.109,0.095,0.099,0.079,0.086,0.081,0.100,0.103,0.102,0.081,0.077,0.097,0.084,0.111,0.106,0.093,0.096,0.076,0.114,0.097,0.056,0.110,0.091,0.115,0.101,0.081,0.114,0.074,0.081,0.080,0.099,0.105,0.068,0.071,0.070,0.098,0.094,0.118,0.088,0.090,0.086,0.075,0.112,0.095,0.096,0.100,0.082,0.103,0.106,0.121,0.105,0.075,0.085,0.082,0.099,0.102,0.079,0.064,0.109,0.042,0.078,0.111,0.108,0.088,0.086,0.074,0.110,0.096,0.094,0.038,0.038
1:37:10,37.0,0.038,0.095,0.099,0.086,0.081,0.089,0.082,0.097,0.104,0.069,0.043,0.038,0.100,0.105,0.120,0.108,0.108,0.092,0.079,0.114,0.098,0.078,0.072,0.098,0.081,0.113,0.099,0.103,0.081,0.088,0.084,0.103,0.108,0.106,0.082,0.077,0.101,0.086,0.114,0.110,0.095,0.099,0.078,0.118,0.101,0.056,0.114,0.095,0.119,0.105,0.084,0.119,0.076,0.083,0.082,0.105,0.111,0.069,0.071,0.073,0.102,0.097,0.121,0.092,0.091,0.088,0.076,0.116,0.099,0.099,0.104,0.081,0.101,0.110,0.126,0.110,0.076,0.087,0.084,0.103,0.106,0.080,0.064,0.113,0.042,0.081,0.116,0.113,0.089,0.088,0.077,0.115,0.099,0.098,0.038,0.038
1:44:10,37.0,0.038,0.098,0.102,0.089,0.083,0.091,0.084,0.101,0.108,0.070,0.043,0.038,0.104,0.110,0.125,0.112,0.109,0.095,0.081,0.119,0.102,0.078,0.073,0.101,0.083,0.118,0.103,0.108,0.082,0.090,0.086,0.107,0.112,0.111,0.083,0.078,0.104,0.092,0.118,0.115,0.097,0.102,0.081,0.123,0.105,0.057,0.119,0.098,0.123,0.109,0.085,0.124,0.077,0.085,0.085,0.107,0.112,0.069,0.072,0.074,0.105,0.101,0.126,0.095,0.093,0.091,0.079,0.122,0.103,0.103,0.108,0.083,0.104,0.114,0.131,0.114,0.077,0.089,0.087,0.107,0.111,0.081,0.065,0.117,0.042,0.083,0.120,0.117,0.090,0.090,0.078,0.119,0.103,0.102,0.038,0.038
1:51:10,37.0,0.038,0.102,0.107,0.092,0.084,0.093,0.086,0.105,0.112,0.070,0.042,0.037,0.108,0.114,0.130,0.117,0.110,0.097,0.083,0.125,0.106,0.079,0.074,0.105,0.086,0.123,0.106,0.113,0.084,0.092,0.089,0.112,0.117,0.115,0.084,0.079,0.109,0.092,0.122,0.119,0.098,0.103,0.083,0.128,0.109,0.057,0.123,0.102,0.128,0.114,0.087,0.129,0.078,0.086,0.087,0.111,0.118,0.070,0.073,0.073,0.109,0.104,0.133,0.099,0.094,0.092,0.080,0.129,0.107,0.107,0.112,0.084,0.110,0.118,0.136,0.119,0.079,0.091,0.089,0.111,0.115,0.081,0.066,0.121,0.046,0.086,0.124,0.120,0.092,0.092,0.079,0.123,0.107,0.105,0.037,0.038
1:58:10,37.1,0.038,0.106,0.112,0.096,0.086,0.095,0.089,0.110,0.117,0.071,0.042,0.038,0.112,0.118,0.135,0.123,0.110,0.100,0.086,0.132,0.111,0.080,0.076,0.109,0.088,0.128,0.111,0.118,0.086,0.095,0.092,0.117,0.122,0.120,0.084,0.080,0.113,0.097,0.127,0.125,0.101,0.107,0.086,0.134,0.114,0.058,0.129,0.106,0.133,0.119,0.091,0.135,0.080,0.088,0.091,0.116,0.123,0.070,0.073,0.076,0.113,0.108,0.136,0.104,0.096,0.095,0.082,0.132,0.112,0.111,0.117,0.084,0.113,0.123,0.142,0.124,0.080,0.092,0.091,0.116,0.120,0.082,0.067,0.126,0.042,0.089,0.130,0.125,0.094,0.094,0.081,0.128,0.111,0.109,0.038,0.038
2:05:10,36.9,0.038,0.111,0.117,0.099,0.087,0.098,0.092,0.114,0.121,0.071,0.042,0.038,0.117,0.123,0.141,0.129,0.116,0.103,0.088,0.135,0.115,0.079,0.077,0.113,0.091,0.133,0.115,0.123,0.087,0.097,0.096,0.121,0.128,0.125,0.085,0.081,0.118,0.100,0.132,0.131,0.102,0.109,0.088,0.140,0.119,0.059,0.134,0.110,0.138,0.124,0.094,0.140,0.081,0.090,0.093,0.125,0.131,0.071,0.074,0.076,0.118,0.113,0.142,0.109,0.098,0.097,0.085,0.138,0.117,0.117,0.121,0.083,0.120,0.128,0.148,0.130,0.081,0.094,0.094,0.121,0.125,0.083,0.068,0.131,0.042,0.092,0.135,0.128,0.096,0.096,0.083,0.134,0.115,0.114,0.037,0.038
2:12:10,37.0,0.038,0.117,0.122,0.103,0.088,0.100,0.095,0.119,0.126,0.072,0.042,0.038,0.121,0.128,0.147,0.135,0.118,0.105,0.091,0.141,0.120,0.080,0.078,0.117,0.096,0.139,0.120,0.129,0.088,0.100,0.099,0.127,0.133,0.130,0.086,0.081,0.123,0.104,0.125,0.137,0.104,0.114,0.091,0.146,0.125,0.059,0.139,0.114,0.144,0.130,0.098,0.146,0.082,0.092,0.096,0.131,0.135,0.071,0.075,0.079,0.122,0.117,0.149,0.114,0.099,0.099,0.087,0.144,0.122,0.121,0.127,0.084,0.127,0.133,0.154,0.136,0.082,0.096,0.097,0.126,0.130,0.080,0.068,0.135,0.046,0.095,0.140,0.133,0.097,0.098,0.086,0.139,0.120,0.118,0.038,0.038
2:19:10,37.0,0.038,0.122,0.126,0.107,0.090,0.103,0.098,0.124,0.132,0.072,0.042,0.038,0.127,0.134,0.153,0.142,0.120,0.108,0.094,0.148,0.126,0.083,0.079,0.122,0.098,0.145,0.126,0.135,0.090,0.102,0.102,0.133,0.140,0.136,0.086,0.082,0.128,0.112,0.131,0.144,0.107,0.115,0.094,0.153,0.131,0.060,0.145,0.119,0.150,0.136,0.102,0.153,0.083,0.094,0.099,0.135,0.140,0.072,0.076,0.078,0.128,0.122,0.156,0.119,0.101,0.101,0.090,0.151,0.128,0.127,0.132,0.085,0.133,0.139,0.161,0.143,0.083,0.098,0.101,0.132,0.136,0.081,0.069,0.141,0.046,0.099,0.146,0.139,0.099,0.100,0.088,0.145,0.125,0.123,0.038,0.038
2:26:10,37.0,0.038,0.124,0.132,0.112,0.090,0.106,0.102,0.130,0.138,0.073,0.042,0.038,0.131,0.139,0.159,0.149,0.119,0.111,0.097,0.154,0.132,0.082,0.080,0.127,0.102,0.151,0.132,0.142,0.091,0.105,0.106,0.140,0.146,0.142,0.087,0.083,0.136,0.114,0.148,0.151,0.108,0.118,0.098,0.160,0.137,0.060,0.151,0.124,0.166,0.143,0.106,0.160,0.085,0.096,0.103,0.144,0.145,0.073,0.076,0.079,0.133,0.128,0.162,0.125,0.103,0.103,0.093,0.158,0.134,0.133,0.138,0.085,0.138,0.145,0.169,0.151,0.084,0.100,0.104,0.138,0.142,0.083,0.070,0.147,0.042,0.102,0.152,0.143,0.100,0.102,0.090,0.151,0.130,0.128,0.038,0.038
2:33:10,37.0,0.038,0.130,0.139,0.117,0.092,0.108,0.105,0.139,0.143,0.073,0.042,0.038,0.137,0.146,0.167,0.157,0.124,0.115,0.101,0.161,0.138,0.083,0.081,0.132,0.106,0.158,0.138,0.150,0.093,0.108,0.110,0.147,0.153,0.149,0.088,0.084,0.142,0.119,0.155,0.158,0.111,0.122,0.101,0.168,0.143,0.061,0.158,0.130,0.176,0.150,0.111,0.168,0.086,0.098,0.106,0.150,0.152,0.073,0.077,0.082,0.139,0.133,0.169,0.132,0.105,0.105,0.097,0.166,0.141,0.139,0.144,0.087,0.144,0.151,0.177,0.159,0.086,0.102,0.108,0.145,0.149,0.083,0.071,0.153,0.043,0.106,0.159,0.149,0.102,0.105,0.093,0.158,0.136,0.134,0.038,0.038
2:40:10,37.1,0.038,0.137,0.146,0.122,0.093,0.111,0.109,0.142,0.150,0.073,0.042,0.037,0.143,0.153,0.174,0.165,0.127,0.117,0.104,0.169,0.144,0.083,0.083,0.138,0.111,0.166,0.144,0.157,0.094,0.111,0.114,0.154,0.160,0.156,0.088,0.085,0.148,0.125,0.162,0.167,0.113,0.124,0.104,0.176,0.151,0.062,0.165,0.135,0.174,0.158,0.117,0.177,0.087,0.100,0.110,0.156,0.160,0.074,0.078,0.083,0.145,0.139,0.175,0.139,0.106,0.108,0.098,0.173,0.148,0.145,0.151,0.087,0.150,0.158,0.185,0.167,0.087,0.104,0.112,0.151,0.156,0.083,0.071,0.159,0.042,0.111,0.166,0.154,0.103,0.107,0.095,0.164,0.142,0.140,0.037,0.038
2:47:10,37.0,0.038,0.142,0.153,0.128,0.095,0.114,0.113,0.149,0.157,0.074,0.042,0.038,0.149,0.160,0.182,0.175,0.130,0.121,0.108,0.177,0.151,0.084,0.084,0.144,0.117,0.173,0.152,0.166,0.096,0.114,0.119,0.162,0.169,0.164,0.089,0.086,0.156,0.132,0.170,0.175,0.115,0.129,0.108,0.185,0.159,0.063,0.172,0.142,0.183,0.166,0.122,0.185,0.088,0.103,0.114,0.166,0.169,0.074,0.079,0.083,0.152,0.146,0.184,0.147,0.108,0.111,0.101,0.182,0.155,0.152,0.158,0.086,0.154,0.165,0.195,0.176,0.088,0.106,0.115,0.159,0.164,0.084,0.072,0.166,0.042,0.116,0.173,0.161,0.104,0.109,0.098,0.171,0.148,0.146,0.038,0.038
2:54:10,37.1,0.038,0.148,0.161,0.134,0.097,0.117,0.117,0.157,0.165,0.074,0.042,0.038,0.157,0.168,0.192,0.183,0.132,0.125,0.112,0.186,0.160,0.085,0.086,0.150,0.121,0.182,0.160,0.175,0.097,0.117,0.123,0.172,0.178,0.173,0.090,0.087,0.164,0.141,0.179,0.185,0.119,0.133,0.112,0.195,0.167,0.063,0.181,0.148,0.192,0.175,0.128,0.195,0.089,0.105,0.119,0.174,0.179,0.074,0.079,0.084,0.160,0.153,0.193,0.154,0.110,0.113,0.104,0.192,0.164,0.160,0.166,0.087,0.166,0.174,0.205,0.185,0.089,0.109,0.120,0.168,0.172,0.088,0.073,0.173,0.042,0.121,0.182,0.168,0.106,0.111,0.101,0.179,0.155,0.153,0.037,0.038
3:01:10,37.1,0.038,0.155,0.169,0.141,0.099,0.120,0.122,0.165,0.173,0.075,0.042,0.038,0.165,0.176,0.203,0.193,0.134,0.129,0.116,0.196,0.168,0.086,0.087,0.157,0.126,0.191,0.168,0.184,0.099,0.120,0.129,0.180,0.187,0.182,0.090,0.088,0.174,0.146,0.188,0.195,0.121,0.137,0.117,0.205,0.176,0.064,0.189,0.155,0.202,0.185,0.134,0.206,0.091,0.108,0.123,0.183,0.187,0.075,0.080,0.087,0.168,0.160,0.202,0.163,0.112,0.116,0.107,0.202,0.173,0.168,0.174,0.087,0.175,0.182,0.216,0.196,0.090,0.111,0.123,0.176,0.181,0.089,0.074,0.181,0.046,0.126,0.192,0.176,0.108,0.114,0.104,0.188,0.163,0.161,0.038,0.038
3:08:10,37.0,0.038,0.159,0.178,0.148,0.100,0.123,0.126,0.175,0.182,0.075,0.042,0.037,0.173,0.185,0.214,0.203,0.136,0.132,0.124,0.206,0.176,0.086,0.088,0.165,0.132,0.200,0.177,0.194,0.101,0.124,0.134,0.190,0.197,0.192,0.091,0.088,0.182,0.153,0.197,0.205,0.122,0.141,0.121,0.216,0.186,0.065,0.198,0.163,0.213,0.195,0.141,0.216,0.092,0.110,0.128,0.196,0.198,0.075,0.081,0.088,0.176,0.168,0.212,0.171,0.114,0.118,0.111,0.212,0.182,0.176,0.183,0.087,0.183,0.192,0.227,0.207,0.091,0.113,0.128,0.185,0.191,0.086,0.074,0.189,0.041,0.132,0.200,0.184,0.109,0.116,0.107,0.196,0.171,0.168,0.037,0.038
3:15:10,37.1,0.038,0.167,0.187,0.156,0.102,0.127,0.131,0.182,0.192,0.076,0.042,0.038,0.183,0.195,0.225,0.213,0.130,0.136,0.129,0.218,0.186,0.087,0.090,0.173,0.139,0.211,0.187,0.205,0.103,0.128,0.140,0.200,0.214,0.203,0.091,0.089,0.192,0.165,0.208,0.215,0.125,0.145,0.126,0.228,0.197,0.066,0.208,0.171,0.228,0.207,0.148,0.228,0.093,0.113,0.133,0.206,0.209,0.077,0.082,0.088,0.186,0.175,0.222,0.181,0.116,0.121,0.115,0.224,0.192,0.185,0.193,0.088,0.192,0.204,0.239,0.218,0.093,0.116,0.133,0.195,0.201,0.090,0.076,0.198,0.046,0.138,0.210,0.194,0.111,0.119,0.112,0.207,0.179,0.177,0.038,0.038
3:22:10,37.1,0.038,0.174,0.198,0.164,0.103,0.130,0.137,0.192,0.202,0.076,0.042,0.038,0.193,0.205,0.237,0.224,0.141,0.140,0.134,0.230,0.196,0.088,0.091,0.181,0.146,0.222,0.198,0.216,0.105,0.131,0.146,0.212,0.220,0.214,0.093,0.090,0.203,0.173,0.220,0.227,0.129,0.149,0.131,0.241,0.209,0.066,0.219,0.181,0.240,0.219,0.159,0.241,0.095,0.115,0.138,0.221,0.223,0.077,0.082,0.091,0.196,0.185,0.232,0.191,0.117,0.124,0.118,0.237,0.203,0.195,0.204,0.088,0.202,0.215,0.252,0.233,0.094,0.118,0.137,0.206,0.212,0.088,0.076,0.207,0.041,0.144,0.221,0.204,0.113,0.122,0.114,0.216,0.188,0.186,0.037,0.038
3:29:10,37.1,0.038,0.182,0.208,0.173,0.105,0.134,0.142,0.209,0.213,0.077,0.042,0.038,0.203,0.217,0.248,0.236,0.144,0.144,0.139,0.243,0.207,0.088,0.093,0.190,0.154,0.235,0.209,0.228,0.107,0.136,0.152,0.225,0.234,0.227,0.093,0.091,0.214,0.183,0.231,0.239,0.132,0.154,0.137,0.255,0.221,0.067,0.231,0.190,0.246,0.232,0.170,0.254,0.096,0.119,0.143,0.234,0.236,0.077,0.083,0.091,0.207,0.194,0.245,0.202,0.119,0.127,0.123,0.250,0.214,0.206,0.214,0.089,0.215,0.227,0.268,0.246,0.095,0.121,0.141,0.217,0.224,0.089,0.078,0.217,0.042,0.151,0.236,0.214,0.114,0.124,0.117,0.227,0.198,0.196,0.037,0.038
3:36:10,37.1,0.038,0.192,0.220,0.185,0.108,0.138,0.148,0.214,0.224,0.077,0.042,0.038,0.214,0.229,0.259,0.248,0.147,0.149,0.140,0.258,0.219,0.089,0.095,0.199,0.162,0.248,0.221,0.242,0.109,0.140,0.159,0.239,0.252,0.239,0.094,0.092,0.226,0.193,0.244,0.252,0.135,0.159,0.142,0.270,0.234,0.068,0.243,0.201,0.263,0.246,0.179,0.266,0.097,0.121,0.150,0.250,0.252,0.078,0.084,0.094,0.219,0.204,0.259,0.214,0.121,0.130,0.127,0.265,0.227,0.217,0.227,0.089,0.224,0.239,0.282,0.259,0.097,0.123,0.147,0.230,0.236,0.089,0.078,0.228,0.041,0.159,0.248,0.225,0.116,0.127,0.121,0.238,0.208,0.206,0.037,0.038
3:43:10,37.1,0.038,0.201,0.232,0.196,0.108,0.143,0.154,0.225,0.236,0.077,0.042,0.037,0.226,0.242,0.272,0.261,0.149,0.153,0.151,0.273,0.231,0.090,0.096,0.209,0.171,0.261,0.235,0.255,0.111,0.144,0.166,0.251,0.261,0.254,0.095,0.093,0.241,0.204,0.258,0.265,0.137,0.164,0.148,0.286,0.248,0.069,0.256,0.211,0.275,0.260,0.191,0.278,0.098,0.124,0.156,0.265,0.267,0.078,0.084,0.094,0.231,0.214,0.273,0.225,0.123,0.133,0.131,0.280,0.240,0.229,0.240,0.090,0.238,0.254,0.294,0.265,0.097,0.126,0.152,0.242,0.249,0.094,0.079,0.239,0.041,0.167,0.259,0.238,0.117,0.130,0.125,0.251,0.220,0.217,0.037,0.038
3:50:10,37.0,0.038,0.211,0.245,0.207,0.111,0.147,0.161,0.237,0.250,0.078,0.042,0.037,0.238,0.256,0.286,0.274,0.153,0.158,0.152,0.289,0.245,0.091,0.098,0.220,0.179,0.277,0.248,0.269,0.113,0.149,0.174,0.267,0.279,0.269,0.096,0.094,0.256,0.219,0.274,0.280,0.140,0.170,0.155,0.303,0.263,0.070,0.271,0.223,0.286,0.277,0.201,0.291,0.100,0.128,0.162,0.281,0.283,0.079,0.085,0.096,0.244,0.225,0.286,0.238,0.124,0.136,0.136,0.297,0.255,0.241,0.253,0.092,0.250,0.268,0.311,0.277,0.099,0.129,0.159,0.257,0.264,0.090,0.080,0.251,0.041,0.176,0.274,0.252,0.119,0.133,0.129,0.264,0.232,0.229,0.038,0.038
3:57:10,37.0,0.038,0.222,0.259,0.220,0.112,0.152,0.168,0.251,0.265,0.078,0.042,0.037,0.252,0.271,0.301,0.287,0.156,0.163,0.158,0.307,0.259,0.092,0.100,0.232,0.189,0.294,0.263,0.284,0.116,0.154,0.183,0.284,0.294,0.285,0.096,0.095,0.270,0.230,0.290,0.294,0.143,0.175,0.162,0.322,0.280,0.070,0.286,0.235,0.303,0.294,0.211,0.304,0.102,0.131,0.170,0.298,0.301,0.079,0.086,0.097,0.259,0.237,0.302,0.250,0.126,0.140,0.141,0.315,0.270,0.255,0.268,0.091,0.264,0.283,0.328,0.289,0.101,0.131,0.165,0.272,0.280,0.091,0.081,0.264,0.041,0.185,0.288,0.268,0.121,0.136,0.134,0.279,0.244,0.241,0.037,0.038
4:04:10,37.0,0.038,0.235,0.274,0.230,0.114,0.157,0.176,0.267,0.280,0.079,0.042,0.038,0.267,0.288,0.319,0.301,0.158,0.168,0.169,0.326,0.275,0.092,0.101,0.244,0.200,0.311,0.279,0.300,0.118,0.159,0.192,0.302,0.312,0.303,0.097,0.096,0.287,0.244,0.307,0.309,0.146,0.181,0.169,0.342,0.298,0.071,0.302,0.248,0.317,0.312,0.221,0.318,0.103,0.134,0.177,0.317,0.320,0.080,0.087,0.099,0.273,0.249,0.321,0.265,0.129,0.143,0.147,0.334,0.287,0.269,0.284,0.091,0.279,0.298,0.345,0.302,0.102,0.135,0.172,0.288,0.296,0.091,0.082,0.278,0.042,0.195,0.303,0.281,0.123,0.140,0.139,0.294,0.258,0.255,0.037,0.038
4:11:10,37.0,0.038,0.247,0.290,0.245,0.116,0.162,0.184,0.284,0.298,0.079,0.042,0.038,0.283,0.305,0.335,0.312,0.161,0.174,0.172,0.346,0.292,0.093,0.103,0.257,0.210,0.329,0.297,0.316,0.120,0.164,0.201,0.321,0.332,0.321,0.098,0.097,0.303,0.259,0.326,0.326,0.148,0.188,0.177,0.363,0.318,0.072,0.319,0.263,0.335,0.332,0.235,0.333,0.105,0.138,0.186,0.338,0.339,0.080,0.088,0.101,0.291,0.263,0.340,0.278,0.131,0.147,0.153,0.354,0.305,0.285,0.301,0.091,0.295,0.315,0.363,0.316,0.103,0.138,0.179,0.305,0.314,0.092,0.083,0.291,0.042,0.205,0.321,0.298,0.124,0.143,0.143,0.309,0.272,0.269,0.037,0.038
4:18:10,37.1,0.038,0.261,0.307,0.258,0.120,0.166,0.193,0.300,0.316,0.080,0.042,0.037,0.300,0.324,0.354,0.326,0.167,0.180,0.180,0.367,0.309,0.094,0.105,0.271,0.223,0.349,0.315,0.331,0.123,0.170,0.212,0.342,0.353,0.341,0.099,0.097,0.323,0.276,0.345,0.343,0.153,0.195,0.185,0.386,0.338,0.074,0.337,0.279,0.353,0.353,0.249,0.349,0.106,0.141,0.194,0.359,0.360,0.081,0.088,0.103,0.308,0.276,0.360,0.291,0.133,0.151,0.159,0.376,0.324,0.302,0.319,0.092,0.313,0.333,0.380,0.331,0.105,0.141,0.187,0.324,0.333,0.093,0.085,0.307,0.041,0.217,0.339,0.314,0.127,0.147,0.149,0.327,0.288,0.284,0.037,0.038
4:25:10,37.0,0.038,0.275,0.326,0.274,0.124,0.172,0.202,0.318,0.334,0.080,0.042,0.038,0.318,0.344,0.373,0.340,0.169,0.187,0.188,0.390,0.329,0.095,0.108,0.286,0.236,0.370,0.335,0.348,0.125,0.176,0.223,0.365,0.376,0.362,0.100,0.098,0.343,0.294,0.367,0.364,0.157,0.202,0.195,0.410,0.361,0.074,0.357,0.295,0.371,0.375,0.264,0.368,0.108,0.145,0.204,0.382,0.384,0.081,0.089,0.104,0.328,0.292,0.381,0.302,0.135,0.155,0.165,0.400,0.345,0.320,0.338,0.093,0.331,0.353,0.401,0.353,0.106,0.145,0.195,0.343,0.354,0.095,0.086,0.323,0.042,0.229,0.359,0.332,0.128,0.150,0.154,0.345,0.304,0.301,0.038,0.038
4:32:10,37.0,0.038,0.289,0.345,0.295,0.127,0.177,0.211,0.338,0.355,0.081,0.042,0.037,0.337,0.365,0.393,0.356,0.173,0.193,0.197,0.414,0.349,0.096,0.109,0.301,0.252,0.392,0.356,0.364,0.128,0.182,0.235,0.388,0.400,0.386,0.100,0.099,0.363,0.312,0.390,0.384,0.160,0.209,0.204,0.437,0.384,0.075,0.377,0.312,0.388,0.399,0.278,0.390,0.110,0.149,0.214,0.406,0.407,0.082,0.090,0.106,0.348,0.307,0.404,0.313,0.137,0.159,0.172,0.425,0.367,0.339,0.358,0.096,0.350,0.374,0.421,0.374,0.108,0.148,0.204,0.364,0.376,0.094,0.087,0.340,0.041,0.241,0.379,0.353,0.130,0.154,0.160,0.365,0.322,0.318,0.037,0.038
4:39:10,37.1,0.038,0.304,0.366,0.315,0.131,0.184,0.222,0.360,0.375,0.083,0.042,0.038,0.357,0.387,0.413,0.373,0.177,0.200,0.206,0.441,0.371,0.097,0.112,0.318,0.267,0.416,0.380,0.381,0.131,0.189,0.247,0.414,0.425,0.410,0.101,0.101,0.386,0.333,0.414,0.410,0.162,0.216,0.214,0.464,0.409,0.077,0.399,0.331,0.407,0.423,0.297,0.414,0.111,0.153,0.224,0.433,0.434,0.082,0.091,0.110,0.371,0.326,0.428,0.325,0.139,0.164,0.179,0.451,0.390,0.360,0.380,0.093,0.371,0.397,0.441,0.396,0.110,0.151,0.213,0.387,0.399,0.096,0.088,0.358,0.042,0.254,0.401,0.373,0.132,0.158,0.167,0.386,0.341,0.337,0.037,0.038
4:46:10,37.0,0.038,0.320,0.387,0.333,0.133,0.191,0.233,0.382,0.398,0.083,0.042,0.037,0.379,0.411,0.432,0.390,0.181,0.207,0.215,0.467,0.395,0.098,0.114,0.336,0.283,0.443,0.405,0.398,0.133,0.195,0.261,0.441,0.453,0.436,0.102,0.102,0.410,0.354,0.441,0.427,0.167,0.224,0.225,0.494,0.436,0.077,0.423,0.351,0.424,0.450,0.313,0.436,0.113,0.157,0.235,0.460,0.462,0.083,0.092,0.110,0.393,0.343,0.452,0.339,0.141,0.168,0.187,0.479,0.415,0.381,0.403,0.095,0.393,0.419,0.462,0.418,0.111,0.155,0.222,0.411,0.423,0.097,0.089,0.377,0.041,0.268,0.424,0.394,0.134,0.162,0.175,0.408,0.362,0.356,0.037,0.038
4:53:10,37.0,0.038,0.337,0.410,0.356,0.136,0.197,0.244,0.406,0.421,0.084,0.042,0.038,0.402,0.436,0.451,0.410,0.188,0.214,0.226,0.496,0.420,0.099,0.116,0.355,0.298,0.469,0.431,0.415,0.136,0.202,0.276,0.469,0.483,0.464,0.103,0.102,0.437,0.377,0.469,0.453,0.171,0.233,0.237,0.525,0.465,0.079,0.448,0.372,0.448,0.479,0.329,0.462,0.115,0.162,0.247,0.490,0.491,0.084,0.092,0.113,0.419,0.360,0.479,0.351,0.144,0.173,0.195,0.509,0.441,0.405,0.428,0.096,0.413,0.445,0.482,0.440,0.113,0.159,0.233,0.438,0.449,0.097,0.091,0.397,0.042,0.284,0.449,0.418,0.136,0.166,0.180,0.431,0.383,0.377,0.037,0.039
5:00:10,37.1,0.038,0.355,0.435,0.372,0.139,0.203,0.257,0.430,0.447,0.084,0.042,0.038,0.426,0.463,0.469,0.431,0.193,0.223,0.237,0.528,0.447,0.100,0.119,0.376,0.317,0.498,0.460,0.388,0.139,0.210,0.291,0.499,0.513,0.493,0.104,0.103,0.463,0.403,0.499,0.479,0.175,0.242,0.249,0.557,0.495,0.080,0.474,0.394,0.464,0.509,0.348,0.487,0.117,0.166,0.260,0.520,0.524,0.084,0.094,0.115,0.444,0.378,0.509,0.366,0.147,0.178,0.204,0.540,0.469,0.430,0.455,0.097,0.441,0.471,0.501,0.464,0.115,0.164,0.244,0.466,0.477,0.098,0.092,0.419,0.044,0.299,0.475,0.446,0.138,0.171,0.187,0.456,0.406,0.400,0.038,0.038
5:07:10,37.1,0.038,0.371,0.460,0.396,0.141,0.211,0.270,0.455,0.474,0.084,0.042,0.038,0.451,0.490,0.489,0.454,0.197,0.231,0.249,0.560,0.475,0.100,0.121,0.397,0.332,0.528,0.489,0.416,0.142,0.218,0.307,0.532,0.546,0.525,0.105,0.104,0.492,0.429,0.530,0.507,0.181,0.250,0.261,0.592,0.527,0.081,0.502,0.418,0.484,0.541,0.369,0.514,0.119,0.171,0.273,0.552,0.554,0.084,0.094,0.117,0.470,0.394,0.538,0.383,0.148,0.183,0.213,0.574,0.499,0.456,0.482,0.098,0.464,0.499,0.521,0.489,0.116,0.168,0.255,0.494,0.505,0.099,0.093,0.442,0.041,0.316,0.502,0.473,0.140,0.175,0.195,0.482,0.430,0.424,0.037,0.039
5:14:10,37.0,0.038,0.390,0.488,0.420,0.145,0.218,0.283,0.483,0.503,0.085,0.042,0.038,0.478,0.520,0.509,0.479,0.202,0.239,0.261,0.594,0.504,0.101,0.124,0.419,0.353,0.561,0.520,0.441,0.145,0.226,0.324,0.565,0.581,0.557,0.105,0.106,0.521,0.457,0.563,0.536,0.184,0.261,0.275,0.628,0.561,0.083,0.532,0.443,0.503,0.574,0.390,0.541,0.120,0.175,0.287,0.587,0.591,0.085,0.096,0.119,0.500,0.411,0.571,0.404,0.151,0.188,0.222,0.610,0.531,0.483,0.513,0.097,0.492,0.529,0.542,0.515,0.118,0.172,0.269,0.525,0.536,0.100,0.095,0.466,0.041,0.334,0.532,0.499,0.142,0.180,0.203,0.509,0.455,0.449,0.037,0.038
5:21:10,37.1,0.038,0.408,0.516,0.449,0.147,0.226,0.298,0.512,0.533,0.086,0.042,0.037,0.507,0.555,0.528,0.506,0.207,0.248,0.275,0.629,0.537,0.102,0.126,0.444,0.373,0.595,0.553,0.458,0.149,0.236,0.343,0.601,0.616,0.592,0.106,0.106,0.551,0.487,0.596,0.568,0.189,0.271,0.289,0.666,0.598,0.084,0.563,0.471,0.524,0.609,0.415,0.570,0.122,0.181,0.303,0.622,0.627,0.085,0.096,0.121,0.529,0.429,0.603,0.425,0.153,0.193,0.233,0.648,0.564,0.512,0.545,0.096,0.522,0.560,0.564,0.543,0.120,0.177,0.282,0.557,0.568,0.101,0.096,0.492,0.044,0.353,0.562,0.529,0.145,0.185,0.211,0.539,0.482,0.475,0.037,0.038
5:28:10,37.0,0.038,0.426,0.546,0.475,0.151,0.234,0.315,0.542,0.564,0.085,0.042,0.037,0.537,0.586,0.550,0.532,0.211,0.259,0.289,0.668,0.571,0.103,0.129,0.469,0.394,0.630,0.587,0.477,0.152,0.244,0.362,0.638,0.654,0.628,0.107,0.107,0.584,0.518,0.632,0.602,0.192,0.282,0.304,0.703,0.635,0.085,0.595,0.498,0.544,0.646,0.436,0.600,0.124,0.185,0.319,0.660,0.664,0.086,0.097,0.124,0.560,0.445,0.638,0.452,0.156,0.199,0.243,0.684,0.599,0.542,0.579,0.097,0.550,0.594,0.586,0.572,0.122,0.182,0.293,0.590,0.601,0.106,0.098,0.518,0.045,0.373,0.594,0.562,0.147,0.190,0.221,0.570,0.510,0.504,0.037,0.039
5:35:10,37.0,0.038,0.444,0.576,0.506,0.155,0.243,0.331,0.578,0.597,0.086,0.043,0.038,0.568,0.621,0.573,0.561,0.216,0.268,0.303,0.705,0.605,0.104,0.132,0.496,0.415,0.664,0.623,0.499,0.156,0.253,0.383,0.677,0.694,0.666,0.108,0.108,0.619,0.551,0.669,0.636,0.199,0.293,0.321,0.740,0.674,0.087,0.628,0.529,0.566,0.683,0.460,0.632,0.127,0.191,0.336,0.700,0.704,0.087,0.098,0.126,0.594,0.463,0.675,0.481,0.159,0.205,0.255,0.725,0.636,0.575,0.615,0.097,0.585,0.629,0.610,0.602,0.124,0.188,0.309,0.624,0.638,0.103,0.099,0.546,0.045,0.394,0.626,0.592,0.149,0.196,0.230,0.602,0.541,0.532,0.037,0.038
5:42:10,37.0,0.038,0.462,0.608,0.536,0.159,0.252,0.348,0.612,0.632,0.086,0.042,0.037,0.602,0.657,0.597,0.589,0.219,0.279,0.319,0.745,0.642,0.105,0.135,0.524,0.436,0.701,0.660,0.520,0.160,0.264,0.405,0.717,0.733,0.705,0.108,0.110,0.653,0.584,0.707,0.675,0.204,0.305,0.338,0.776,0.714,0.088,0.663,0.559,0.589,0.722,0.485,0.666,0.129,0.197,0.353,0.741,0.745,0.087,0.099,0.129,0.628,0.481,0.714,0.508,0.162,0.211,0.267,0.763,0.674,0.609,0.650,0.097,0.619,0.665,0.634,0.638,0.126,0.193,0.324,0.660,0.671,0.103,0.100,0.575,0.046,0.415,0.661,0.628,0.152,0.201,0.240,0.635,0.572,0.563,0.037,0.038
5:49:10,37.0,0.038,0.481,0.641,0.570,0.165,0.267,0.366,0.649,0.667,0.087,0.042,0.037,0.636,0.693,0.623,0.621,0.221,0.289,0.336,0.784,0.680,0.105,0.138,0.554,0.457,0.737,0.698,0.541,0.163,0.275,0.428,0.758,0.773,0.746,0.109,0.111,0.688,0.621,0.745,0.717,0.209,0.318,0.356,0.810,0.755,0.090,0.700,0.591,0.612,0.761,0.511,0.700,0.131,0.203,0.373,0.782,0.785,0.087,0.099,0.131,0.664,0.501,0.752,0.532,0.164,0.218,0.280,0.805,0.714,0.643,0.687,0.098,0.648,0.700,0.662,0.671,0.128,0.198,0.338,0.697,0.708,0.104,0.102,0.606,0.042,0.437,0.694,0.664,0.154,0.206,0.251,0.670,0.604,0.595,0.037,0.038
5:56:10,37.0,0.038,0.498,0.676,0.604,0.168,0.273,0.386,0.685,0.703,0.087,0.042,0.037,0.670,0.728,0.646,0.653,0.228,0.301,0.353,0.822,0.720,0.107,0.141,0.584,0.479,0.773,0.736,0.566,0.168,0.286,0.452,0.800,0.814,0.786,0.110,0.112,0.725,0.656,0.784,0.759,0.214,0.331,0.375,0.846,0.795,0.091,0.735,0.626,0.635,0.797,0.533,0.736,0.133,0.209,0.393,0.824,0.824,0.088,0.100,0.134,0.700,0.522,0.791,0.560,0.168,0.224,0.294,0.844,0.755,0.678,0.725,0.098,0.687,0.736,0.689,0.710,0.130,0.204,0.355,0.734,0.745,0.105,0.103,0.639,0.042,0.461,0.729,0.701,0.156,0.213,0.262,0.706,0.638,0.627,0.037,0.038
6:03:10,37.1,0.038,0.514,0.710,0.639,0.170,0.283,0.406,0.721,0.738,0.088,0.042,0.038,0.706,0.761,0.672,0.684,0.235,0.314,0.371,0.858,0.760,0.107,0.144,0.617,0.499,0.807,0.775,0.589,0.171,0.299,0.478,0.842,0.855,0.829,0.111,0.113,0.761,0.695,0.821,0.799,0.217,0.345,0.394,0.878,0.835,0.093,0.772,0.661,0.661,0.834,0.555,0.773,0.135,0.215,0.414,0.865,0.861,0.089,0.101,0.137,0.738,0.544,0.828,0.588,0.172,0.231,0.307,0.880,0.795,0.718,0.762,0.099,0.719,0.772,0.717,0.749,0.132,0.210,0.374,0.771,0.782,0.105,0.104,0.671,0.045,0.484,0.763,0.739,0.159,0.219,0.273,0.742,0.672,0.662,0.037,0.038
6:10:10,37.0,0.038,0.534,0.746,0.678,0.176,0.297,0.428,0.757,0.775,0.088,0.042,0.037,0.743,0.798,0.697,0.716,0.233,0.327,0.390,0.895,0.799,0.110,0.148,0.650,0.520,0.841,0.814,0.617,0.175,0.311,0.504,0.884,0.896,0.870,0.112,0.113,0.797,0.730,0.858,0.841,0.225,0.359,0.416,0.910,0.872,0.094,0.806,0.697,0.686,0.870,0.580,0.809,0.138,0.222,0.436,0.905,0.897,0.089,0.102,0.141,0.776,0.567,0.865,0.617,0.174,0.238,0.323,0.915,0.835,0.756,0.799,0.100,0.754,0.805,0.743,0.789,0.134,0.216,0.392,0.809,0.819,0.106,0.106,0.704,0.041,0.507,0.798,0.778,0.161,0.225,0.286,0.778,0.709,0.697,0.037,0.038
6:17:10,37.1,0.038,0.555,0.781,0.715,0.180,0.308,0.450,0.792,0.811,0.089,0.042,0.038,0.780,0.833,0.724,0.747,0.248,0.340,0.409,0.930,0.837,0.109,0.151,0.685,0.540,0.876,0.852,0.645,0.180,0.325,0.533,0.923,0.936,0.909,0.113,0.115,0.832,0.772,0.894,0.878,0.231,0.375,0.438,0.944,0.910,0.097,0.842,0.735,0.713,0.906,0.605,0.842,0.140,0.229,0.459,0.943,0.933,0.090,0.103,0.143,0.815,0.591,0.899,0.646,0.176,0.246,0.338,0.951,0.875,0.794,0.836,0.099,0.790,0.839,0.772,0.829,0.137,0.223,0.411,0.847,0.856,0.107,0.108,0.739,0.041,0.531,0.833,0.815,0.164,0.232,0.298,0.814,0.746,0.733,0.037,0.038
6:24:10,37.1,0.038,0.578,0.817,0.751,0.184,0.321,0.474,0.828,0.846,0.089,0.042,0.037,0.818,0.867,0.750,0.780,0.255,0.355,0.431,0.966,0.875,0.110,0.155,0.721,0.562,0.910,0.888,0.668,0.185,0.339,0.563,0.963,0.973,0.947,0.114,0.116,0.869,0.806,0.930,0.920,0.236,0.390,0.461,0.977,0.947,0.098,0.880,0.773,0.738,0.939,0.631,0.885,0.143,0.237,0.483,0.980,0.967,0.090,0.105,0.146,0.852,0.614,0.932,0.677,0.179,0.253,0.356,0.988,0.910,0.835,0.872,0.100,0.826,0.872,0.799,0.873,0.139,0.229,0.432,0.882,0.891,0.108,0.110,0.773,0.046,0.553,0.867,0.855,0.167,0.238,0.312,0.848,0.782,0.769,0.037,0.038
6:31:10,37.1,0.038,0.600,0.852,0.794,0.188,0.336,0.499,0.861,0.881,0.090,0.042,0.038,0.852,0.902,0.778,0.814,0.260,0.370,0.453,1.003,0.914,0.111,0.159,0.757,0.585,0.944,0.924,0.692,0.190,0.354,0.595,1.001,1.010,0.984,0.115,0.117,0.902,0.845,0.963,0.962,0.244,0.407,0.483,1.011,0.982,0.100,0.915,0.812,0.764,0.972,0.656,0.922,0.145,0.244,0.510,1.014,1.002,0.091,0.106,0.149,0.888,0.638,0.967,0.708,0.181,0.262,0.373,1.024,0.947,0.875,0.907,0.100,0.861,0.900,0.827,0.916,0.141,0.235,0.454,0.915,0.926,0.109,0.111,0.808,0.046,0.576,0.899,0.888,0.170,0.245,0.326,0.881,0.820,0.806,0.037,0.038
6:38:10,37.1,0.038,0.623,0.887,0.832,0.191,0.352,0.526,0.897,0.915,0.090,0.042,0.037,0.887,0.935,0.805,0.849,0.267,0.387,0.475,1.039,0.950,0.112,0.164,0.795,0.608,0.977,0.957,0.728,0.194,0.370,0.626,1.038,1.047,1.020,0.116,0.118,0.937,0.882,0.997,1.001,0.249,0.425,0.507,1.044,1.017,0.102,0.951,0.850,0.789,1.008,0.687,0.962,0.147,0.252,0.536,1.051,1.040,0.091,0.107,0.153,0.924,0.663,1.001,0.740,0.184,0.271,0.392,1.060,0.983,0.914,0.941,0.101,0.898,0.932,0.853,0.958,0.144,0.242,0.476,0.950,0.959,0.110,0.113,0.842,0.046,0.600,0.932,0.924,0.173,0.253,0.341,0.914,0.856,0.843,0.037,0.038
6:45:10,37.0,0.038,0.646,0.922,0.871,0.197,0.363,0.554,0.929,0.949,0.090,0.042,0.037,0.920,0.970,0.831,0.882,0.269,0.404,0.498,1.076,0.986,0.112,0.168,0.832,0.632,1.013,0.993,0.760,0.199,0.387,0.661,1.074,1.081,1.055,0.117,0.120,0.971,0.917,1.033,1.040,0.257,0.445,0.531,1.078,1.054,0.104,0.993,0.889,0.816,1.045,0.716,0.998,0.150,0.261,0.565,1.085,1.076,0.092,0.108,0.156,0.959,0.689,1.036,0.774,0.187,0.280,0.411,1.095,1.019,0.950,0.976,0.101,0.933,0.965,0.880,0.998,0.146,0.250,0.501,0.985,0.993,0.111,0.115,0.874,0.046,0.624,0.966,0.959,0.176,0.263,0.356,0.947,0.891,0.879,0.037,0.038
6:52:10,37.1,0.038,0.668,0.955,0.908,0.202,0.379,0.584,0.964,0.983,0.091,0.042,0.037,0.955,1.003,0.857,0.915,0.278,0.420,0.521,1.111,1.025,0.113,0.173,0.870,0.658,1.046,1.026,0.788,0.204,0.405,0.697,1.108,1.114,1.089,0.118,0.120,1.004,0.952,1.069,1.076,0.264,0.464,0.554,1.111,1.091,0.106,1.021,0.929,0.842,1.081,0.746,1.034,0.153,0.270,0.595,1.118,1.111,0.092,0.109,0.160,0.992,0.712,1.071,0.808,0.191,0.290,0.432,1.128,1.055,0.982,1.010,0.101,0.966,0.999,0.906,1.033,0.148,0.258,0.525,1.020,1.028,0.112,0.117,0.903,0.046,0.649,1.000,0.993,0.179,0.269,0.373,0.980,0.924,0.915,0.037,0.038
6:59:10,37.0,0.038,0.690,0.989,0.944,0.206,0.393,0.614,0.999,1.016,0.092,0.042,0.037,0.987,1.037,0.884,0.951,0.288,0.438,0.542,1.145,1.059,0.114,0.178,0.906,0.684,1.080,1.062,0.814,0.209,0.422,0.734,1.143,1.149,1.123,0.118,0.122,1.036,0.985,1.106,1.113,0.271,0.485,0.576,1.141,1.128,0.109,1.055,0.964,0.869,1.117,0.775,1.071,0.156,0.279,0.627,1.153,1.146,0.093,0.111,0.163,1.026,0.737,1.105,0.843,0.195,0.300,0.453,1.164,1.090,1.017,1.045,0.102,0.998,1.033,0.933,1.069,0.151,0.266,0.552,1.055,1.063,0.113,0.119,0.935,0.046,0.675,1.035,1.026,0.182,0.278,0.390,1.012,0.958,0.949,0.037,0.038
7:06:10,37.1,0.038,0.714,1.022,0.979,0.210,0.408,0.645,1.032,1.050,0.092,0.042,0.037,1.022,1.072,0.910,0.985,0.289,0.458,0.565,1.178,1.093,0.115,0.182,0.942,0.711,1.115,1.096,0.839,0.215,0.443,0.772,1.176,1.183,1.156,0.119,0.123,1.069,1.019,1.142,1.148,0.274,0.506,0.599,1.170,1.163,0.111,1.091,1.000,0.892,1.150,0.806,1.104,0.159,0.288,0.660,1.194,1.180,0.094,0.112,0.167,1.061,0.761,1.138,0.879,0.196,0.311,0.474,1.197,1.125,1.052,1.079,0.102,1.033,1.067,0.958,1.104,0.153,0.275,0.579,1.090,1.097,0.114,0.121,0.966,0.046,0.702,1.069,1.060,0.185,0.286,0.408,1.043,0.991,0.983,0.037,0.038
7:13:10,37.1,0.038,0.739,1.055,1.013,0.213,0.425,0.677,1.065,1.084,0.093,0.042,0.037,1.054,1.107,0.933,1.022,0.299,0.478,0.586,1.212,1.125,0.116,0.188,0.976,0.738,1.149,1.131,0.866,0.221,0.462,0.810,1.210,1.215,1.187,0.120,0.124,1.102,1.052,1.177,1.180,0.283,0.529,0.622,1.200,1.198,0.113,1.124,1.036,0.912,1.183,0.835,1.135,0.161,0.299,0.694,1.225,1.214,0.095,0.113,0.171,1.096,0.786,1.172,0.912,0.200,0.322,0.495,1.230,1.159,1.084,1.112,0.103,1.066,1.101,0.983,1.137,0.156,0.282,0.607,1.125,1.132,0.115,0.123,0.998,0.046,0.730,1.104,1.092,0.189,0.295,0.427,1.075,1.024,1.016,0.037,0.038
7:20:10,37.0,0.038,0.768,1.090,1.047,0.217,0.446,0.711,1.101,1.117,0.093,0.042,0.037,1.088,1.139,0.958,1.058,0.307,0.499,0.610,1.243,1.158,0.117,0.193,1.010,0.765,1.181,1.165,0.895,0.227,0.484,0.848,1.242,1.248,1.219,0.121,0.125,1.137,1.089,1.210,1.211,0.293,0.553,0.646,1.228,1.234,0.116,1.158,1.070,0.936,1.215,0.866,1.168,0.164,0.309,0.729,1.259,1.246,0.095,0.114,0.175,1.130,0.811,1.202,0.945,0.203,0.333,0.518,1.261,1.194,1.122,1.147,0.103,1.097,1.135,1.009,1.173,0.159,0.291,0.636,1.159,1.167,0.116,0.125,1.029,0.046,0.758,1.138,1.126,0.193,0.305,0.445,1.106,1.057,1.049,0.037,0.038
7:27:10,37.0,0.038,0.796,1.123,1.080,0.218,0.465,0.745,1.133,1.151,0.093,0.042,0.037,1.119,1.172,0.976,1.090,0.317,0.522,0.633,1.274,1.191,0.118,0.198,1.043,0.793,1.213,1.199,0.924,0.233,0.506,0.884,1.276,1.280,1.250,0.121,0.126,1.169,1.122,1.242,1.243,0.302,0.577,0.671,1.261,1.268,0.118,1.191,1.103,0.959,1.245,0.895,1.204,0.167,0.320,0.765,1.291,1.278,0.096,0.115,0.180,1.164,0.838,1.234,0.980,0.207,0.345,0.540,1.292,1.228,1.158,1.179,0.103,1.134,1.166,1.029,1.206,0.162,0.301,0.666,1.193,1.201,0.117,0.127,1.060,0.043,0.786,1.172,1.159,0.195,0.314,0.465,1.135,1.088,1.083,0.037,0.038
7:34:10,37.0,0.038,0.823,1.159,1.113,0.225,0.486,0.779,1.162,1.184,0.094,0.042,0.038,1.152,1.204,0.995,1.121,0.327,0.545,0.658,1.303,1.224,0.119,0.204,1.077,0.822,1.243,1.231,0.954,0.240,0.529,0.918,1.310,1.315,1.286,0.122,0.127,1.202,1.157,1.274,1.275,0.309,0.602,0.697,1.299,1.301,0.121,1.220,1.135,0.980,1.275,0.925,1.241,0.171,0.331,0.802,1.322,1.309,0.096,0.116,0.183,1.198,0.863,1.266,1.016,0.210,0.358,0.560,1.322,1.262,1.193,1.211,0.104,1.167,1.197,1.053,1.239,0.164,0.311,0.697,1.226,1.234,0.118,0.129,1.090,0.046,0.814,1.205,1.187,0.199,0.324,0.485,1.160,1.119,1.116,0.037,0.038
7:41:10,37.1,0.038,0.852,1.191,1.145,0.230,0.506,0.812,1.186,1.216,0.094,0.042,0.037,1.184,1.235,1.017,1.149,0.335,0.570,0.683,1.331,1.255,0.119,0.209,1.110,0.849,1.271,1.263,0.982,0.246,0.553,0.951,1.343,1.347,1.320,0.123,0.129,1.232,1.189,1.305,1.306,0.316,0.629,0.723,1.328,1.332,0.123,1.248,1.169,1.000,1.303,0.953,1.274,0.174,0.343,0.839,1.351,1.336,0.097,0.117,0.188,1.230,0.888,1.293,1.052,0.214,0.371,0.580,1.351,1.294,1.227,1.241,0.104,1.200,1.223,1.081,1.271,0.167,0.322,0.729,1.258,1.266,0.119,0.131,1.118,0.042,0.843,1.237,1.221,0.203,0.335,0.503,1.187,1.148,1.149,0.037,0.038
7:48:10,37.1,0.038,0.883,1.218,1.177,0.236,0.526,0.846,1.209,1.249,0.095,0.042,0.037,1.214,1.265,1.029,1.179,0.346,0.598,0.711,1.357,1.287,0.120,0.216,1.142,0.877,1.299,1.293,1.006,0.253,0.579,0.983,1.375,1.377,1.352,0.124,0.130,1.262,1.221,1.336,1.344,0.327,0.657,0.750,1.353,1.363,0.126,1.278,1.202,1.016,1.329,0.981,1.303,0.177,0.356,0.875,1.378,1.365,0.098,0.118,0.193,1.261,0.913,1.321,1.096,0.217,0.385,0.603,1.375,1.324,1.260,1.272,0.105,1.233,1.250,1.097,1.300,0.170,0.333,0.762,1.288,1.296,0.120,0.134,1.145,0.044,0.872,1.266,1.250,0.207,0.346,0.522,1.211,1.177,1.182,0.037,0.038
7:55:10,37.1,0.038,0.888,1.244,1.207,0.242,0.550,0.877,1.226,1.280,0.095,0.042,0.037,1.241,1.292,1.048,1.206,0.356,0.625,0.738,1.379,1.315,0.122,0.222,1.173,0.903,1.325,1.321,1.030,0.261,0.604,1.015,1.402,1.405,1.380,0.124,0.131,1.290,1.252,1.364,1.372,0.335,0.685,0.778,1.371,1.390,0.129,1.305,1.234,1.031,1.354,1.007,1.332,0.180,0.370,0.909,1.403,1.390,0.098,0.119,0.198,1.291,0.936,1.347,1.131,0.222,0.399,0.626,1.400,1.354,1.292,1.301,0.105,1.264,1.275,1.117,1.329,0.173,0.345,0.797,1.318,1.324,0.121,0.136,1.167,0.041,0.898,1.291,1.277,0.210,0.356,0.538,1.230,1.204,1.214,0.037,0.038
8:02:10,37.0,0.038,0.900,1.269,1.237,0.249,0.574,0.910,1.254,1.306,0.095,0.042,0.037,1.265,1.319,1.064,1.235,0.367,0.653,0.766,1.396,1.344,0.126,0.230,1.202,0.930,1.351,1.349,1.053,0.268,0.631,1.049,1.429,1.435,1.405,0.125,0.132,1.316,1.281,1.389,1.399,0.345,0.715,0.806,1.389,1.418,0.132,1.333,1.264,1.050,1.377,1.033,1.359,0.185,0.383,0.939,1.425,1.416,0.099,0.121,0.203,1.319,0.960,1.372,1.163,0.227,0.414,0.647,1.423,1.381,1.323,1.327,0.105,1.293,1.294,1.136,1.357,0.176,0.355,0.831,1.347,1.350,0.122,0.138,1.190,0.044,0.928,1.316,1.307,0.214,0.366,0.556,1.252,1.226,1.246,0.037,0.038
8:09:10,37.0,0.038,0.924,1.290,1.267,0.256,0.598,0.943,1.280,1.331,0.096,0.043,0.038,1.290,1.346,1.079,1.262,0.377,0.681,0.796,1.411,1.370,0.123,0.236,1.230,0.957,1.375,1.375,1.074,0.276,0.659,1.081,1.451,1.454,1.427,0.126,0.134,1.340,1.310,1.415,1.422,0.355,0.745,0.835,1.407,1.445,0.135,1.358,1.292,1.065,1.400,1.058,1.382,0.188,0.398,0.969,1.445,1.438,0.100,0.123,0.209,1.345,0.978,1.393,1.193,0.230,0.429,0.671,1.443,1.407,1.349,1.353,0.106,1.319,1.319,1.153,1.383,0.180,0.367,0.865,1.375,1.375,0.123,0.141,1.215,0.046,0.954,1.338,1.336,0.218,0.377,0.575,1.272,1.249,1.276,0.037,0.038
8:16:10,37.1,0.038,0.937,1.306,1.296,0.262,0.622,0.973,1.301,1.351,0.096,0.042,0.037,1.313,1.368,1.093,1.289,0.388,0.711,0.825,1.424,1.395,0.124,0.244,1.258,0.984,1.383,1.401,1.095,0.284,0.688,1.114,1.472,1.470,1.447,0.127,0.135,1.366,1.338,1.442,1.442,0.366,0.776,0.862,1.422,1.474,0.138,1.384,1.320,1.076,1.422,1.081,1.403,0.192,0.413,1.002,1.469,1.436,0.099,0.124,0.215,1.369,0.998,1.416,1.224,0.234,0.445,0.696,1.444,1.433,1.373,1.373,0.107,1.343,1.336,1.169,1.407,0.183,0.379,0.899,1.404,1.400,0.124,0.143,1.237,0.043,0.981,1.353,1.357,0.222,0.389,0.595,1.292,1.272,1.303,0.037,0.038
8:23:10,37.1,0.038,0.946,1.326,1.324,0.270,0.648,1.003,1.323,1.361,0.097,0.042,0.038,1.332,1.375,1.104,1.314,0.399,0.740,0.853,1.428,1.420,0.125,0.251,1.285,1.009,1.394,1.427,1.116,0.294,0.717,1.146,1.479,1.472,1.468,0.129,0.136,1.376,1.366,1.444,1.458,0.377,0.808,0.891,1.430,1.463,0.142,1.404,1.347,1.087,1.422,1.101,1.419,0.197,0.429,1.034,1.455,1.449,0.100,0.127,0.219,1.393,1.018,1.431,1.254,0.238,0.462,0.722,1.447,1.449,1.398,1.387,0.107,1.366,1.354,1.184,1.429,0.187,0.394,0.931,1.419,1.416,0.125,0.146,1.260,0.041,1.004,1.369,1.381,0.226,0.402,0.614,1.308,1.294,1.328,0.037,0.038
8:30:10,37.0,0.038,0.972,1.346,1.349,0.280,0.674,1.034,1.341,1.380,0.097,0.042,0.037,1.353,1.392,1.110,1.338,0.410,0.771,0.883,1.441,1.440,0.126,0.258,1.306,1.031,1.406,1.440,1.135,0.303,0.748,1.178,1.490,1.485,1.484,0.129,0.137,1.392,1.391,1.451,1.472,0.387,0.841,0.919,1.440,1.476,0.146,1.426,1.371,1.098,1.436,1.122,1.433,0.200,0.447,1.065,1.468,1.459,0.101,0.129,0.225,1.415,1.041,1.455,1.283,0.242,0.478,0.748,1.460,1.451,1.421,1.413,0.107,1.378,1.371,1.194,1.448,0.190,0.406,0.961,1.442,1.425,0.126,0.148,1.282,0.041,1.023,1.385,1.404,0.230,0.415,0.634,1.324,1.315,1.352,0.037,0.038
8:37:10,37.1,0.038,0.980,1.363,1.373,0.288,0.702,1.064,1.358,1.397,0.097,0.042,0.037,1.371,1.407,1.117,1.360,0.421,0.802,0.911,1.450,1.439,0.126,0.266,1.323,1.050,1.419,1.443,1.152,0.312,0.778,1.211,1.501,1.495,1.498,0.130,0.139,1.407,1.416,1.460,1.483,0.398,0.874,0.948,1.447,1.488,0.149,1.444,1.383,1.105,1.446,1.143,1.445,0.205,0.465,1.096,1.481,1.468,0.101,0.131,0.231,1.425,1.056,1.470,1.312,0.248,0.496,0.774,1.471,1.464,1.442,1.436,0.108,1.393,1.389,1.203,1.466,0.195,0.419,0.990,1.455,1.441,0.127,0.151,1.302,0.041,1.038,1.400,1.422,0.235,0.431,0.655,1.336,1.334,1.373,0.037,0.038
8:44:10,37.0,0.038,0.997,1.375,1.391,0.298,0.728,1.093,1.373,1.414,0.098,0.042,0.037,1.386,1.421,1.121,1.381,0.433,0.834,0.940,1.450,1.444,0.127,0.275,1.341,1.064,1.424,1.448,1.163,0.323,0.810,1.241,1.489,1.493,1.487,0.131,0.140,1.421,1.435,1.467,1.476,0.410,0.906,0.975,1.448,1.494,0.153,1.450,1.400,1.109,1.448,1.164,1.445,0.209,0.484,1.126,1.477,1.473,0.102,0.132,0.237,1.438,1.076,1.471,1.339,0.252,0.515,0.801,1.468,1.472,1.460,1.442,0.108,1.407,1.396,1.208,1.478,0.199,0.435,1.020,1.454,1.452,0.128,0.154,1.318,0.041,1.054,1.411,1.424,0.238,0.444,0.675,1.348,1.349,1.387,0.037,0.038
8:51:10,37.1,0.038,1.004,1.387,1.413,0.306,0.752,1.121,1.385,1.427,0.098,0.042,0.037,1.400,1.433,1.126,1.378,0.443,0.865,0.969,1.451,1.453,0.130,0.285,1.361,1.079,1.431,1.458,1.174,0.333,0.843,1.273,1.488,1.494,1.476,0.132,0.142,1.430,1.432,1.474,1.475,0.421,0.939,1.002,1.438,1.499,0.157,1.448,1.418,1.110,1.451,1.176,1.440,0.214,0.504,1.158,1.474,1.475,0.102,0.132,0.244,1.452,1.085,1.462,1.366,0.257,0.536,0.828,1.465,1.479,1.458,1.449,0.108,1.420,1.403,1.211,1.466,0.202,0.450,1.051,1.462,1.461,0.129,0.157,1.334,0.041,1.070,1.419,1.433,0.242,0.457,0.695,1.353,1.363,1.402,0.037,0.038
8:58:10,37.1,0.038,1.014,1.396,1.413,0.316,0.780,1.147,1.396,1.437,0.098,0.042,0.037,1.411,1.442,1.125,1.393,0.455,0.896,0.996,1.451,1.461,0.134,0.293,1.380,1.097,1.430,1.464,1.185,0.343,0.872,1.301,1.492,1.494,1.476,0.134,0.142,1.440,1.444,1.478,1.476,0.433,0.969,1.029,1.442,1.505,0.161,1.463,1.433,1.111,1.452,1.192,1.444,0.219,0.523,1.188,1.474,1.476,0.103,0.132,0.251,1.462,1.099,1.470,1.390,0.262,0.555,0.854,1.465,1.486,1.485,1.461,0.110,1.432,1.411,1.213,1.476,0.206,0.467,1.081,1.473,1.472,0.130,0.160,1.349,0.041,1.085,1.427,1.445,0.248,0.474,0.717,1.359,1.375,1.419,0.037,0.038
9:05:10,37.0,0.038,1.020,1.403,1.425,0.326,0.802,1.174,1.405,1.446,0.099,0.042,0.037,1.419,1.448,1.124,1.399,0.466,0.925,1.024,1.448,1.466,0.129,0.304,1.396,1.113,1.428,1.468,1.193,0.354,0.902,1.329,1.489,1.494,1.474,0.134,0.144,1.446,1.451,1.476,1.473,0.444,1.000,1.054,1.442,1.508,0.165,1.471,1.446,1.112,1.449,1.204,1.443,0.223,0.544,1.219,1.474,1.476,0.103,0.133,0.258,1.471,1.108,1.470,1.410,0.268,0.576,0.881,1.464,1.492,1.491,1.469,0.109,1.442,1.415,1.214,1.480,0.210,0.481,1.111,1.480,1.478,0.131,0.162,1.361,0.041,1.098,1.433,1.452,0.252,0.489,0.737,1.359,1.385,1.433,0.037,0.038
9:12:10,37.0,0.038,1.027,1.409,1.432,0.337,0.825,1.197,1.410,1.452,0.099,0.042,0.037,1.425,1.452,1.122,1.405,0.479,0.954,1.051,1.447,1.465,0.132,0.314,1.410,1.126,1.427,1.466,1.211,0.364,0.930,1.354,1.491,1.496,1.475,0.136,0.145,1.448,1.457,1.475,1.474,0.457,1.028,1.080,1.445,1.516,0.170,1.480,1.457,1.110,1.449,1.214,1.442,0.228,0.566,1.248,1.480,1.479,0.104,0.132,0.265,1.478,1.115,1.472,1.428,0.273,0.598,0.907,1.469,1.501,1.506,1.476,0.112,1.446,1.416,1.215,1.479,0.214,0.499,1.142,1.488,1.484,0.132,0.165,1.371,0.041,1.112,1.436,1.460,0.258,0.506,0.758,1.358,1.393,1.446,0.037,0.038
9:19:10,37.1,0.038,1.030,1.412,1.438,0.346,0.849,1.222,1.415,1.454,0.099,0.042,0.037,1.430,1.450,1.121,1.407,0.491,0.981,1.076,1.445,1.465,0.138,0.325,1.421,1.139,1.427,1.465,1.202,0.376,0.959,1.379,1.485,1.493,1.469,0.137,0.146,1.445,1.459,1.473,1.472,0.470,1.057,1.104,1.441,1.506,0.174,1.472,1.464,1.107,1.448,1.221,1.438,0.233,0.587,1.278,1.473,1.476,0.105,0.133,0.275,1.481,1.120,1.466,1.444,0.279,0.620,0.931,1.464,1.492,1.489,1.476,0.111,1.449,1.413,1.215,1.471,0.219,0.517,1.171,1.486,1.479,0.133,0.169,1.378,0.041,1.119,1.434,1.463,0.261,0.522,0.779,1.358,1.399,1.455,0.037,0.038
9:26:10,37.0,0.038,1.033,1.410,1.443,0.357,0.876,1.245,1.415,1.452,0.100,0.042,0.038,1.429,1.448,1.118,1.408,0.503,1.008,1.103,1.444,1.465,0.140,0.335,1.431,1.147,1.428,1.465,1.203,0.386,0.987,1.402,1.485,1.493,1.468,0.138,0.148,1.444,1.460,1.474,1.472,0.483,1.086,1.126,1.441,1.510,0.179,1.472,1.471,1.106,1.449,1.224,1.438,0.239,0.610,1.306,1.474,1.478,0.105,0.134,0.280,1.480,1.125,1.465,1.456,0.283,0.643,0.956,1.465,1.497,1.490,1.474,0.112,1.447,1.412,1.215,1.471,0.223,0.535,1.199,1.484,1.478,0.133,0.172,1.384,0.046,1.127,1.432,1.462,0.266,0.540,0.801,1.359,1.399,1.463,0.037,0.038
9:33:10,37.1,0.038,1.033,1.408,1.443,0.366,0.901,1.268,1.413,1.451,0.100,0.042,0.037,1.428,1.448,1.117,1.407,0.517,1.038,1.125,1.445,1.466,0.141,0.347,1.438,1.155,1.427,1.466,1.204,0.398,1.016,1.425,1.495,1.498,1.474,0.140,0.150,1.445,1.457,1.477,1.477,0.496,1.115,1.150,1.450,1.528,0.184,1.478,1.474,1.103,1.451,1.228,1.441,0.244,0.633,1.333,1.494,1.486,0.106,0.135,0.290,1.480,1.126,1.475,1.466,0.290,0.667,0.980,1.475,1.519,1.505,1.477,0.112,1.446,1.412,1.215,1.480,0.228,0.554,1.226,1.491,1.481,0.135,0.176,1.389,0.041,1.131,1.431,1.464,0.273,0.559,0.822,1.358,1.399,1.469,0.037,0.038
9:40:10,37.1,0.038,1.032,1.408,1.440,0.377,0.920,1.288,1.413,1.452,0.101,0.042,0.037,1.427,1.447,1.113,1.404,0.529,1.063,1.143,1.442,1.466,0.141,0.359,1.442,1.160,1.425,1.465,1.204,0.409,1.042,1.442,1.483,1.493,1.463,0.141,0.151,1.444,1.453,1.475,1.471,0.510,1.144,1.170,1.440,1.509,0.189,1.468,1.470,1.099,1.450,1.230,1.437,0.249,0.657,1.359,1.473,1.479,0.106,0.136,0.295,1.478,1.126,1.467,1.447,0.297,0.691,1.002,1.466,1.499,1.480,1.472,0.112,1.446,1.411,1.213,1.470,0.233,0.574,1.251,1.486,1.477,0.136,0.179,1.390,0.041,1.134,1.429,1.463,0.277,0.577,0.843,1.359,1.399,1.467,0.037,0.038
9:47:10,37.1,0.038,1.029,1.409,1.439,0.388,0.944,1.303,1.414,1.452,0.101,0.042,0.038,1.427,1.446,1.108,1.404,0.543,1.091,1.162,1.442,1.467,0.141,0.371,1.442,1.162,1.425,1.466,1.202,0.421,1.071,1.460,1.484,1.492,1.464,0.143,0.152,1.445,1.453,1.476,1.473,0.524,1.174,1.188,1.441,1.515,0.194,1.470,1.470,1.098,1.450,1.229,1.438,0.254,0.681,1.382,1.479,1.481,0.106,0.137,0.303,1.478,1.127,1.475,1.452,0.304,0.717,1.027,1.471,1.510,1.490,1.475,0.113,1.447,1.410,1.211,1.474,0.241,0.595,1.277,1.491,1.479,0.137,0.182,1.389,0.041,1.134,1.429,1.466,0.282,0.597,0.863,1.359,1.400,1.466,0.037,0.038
9:54:10,37.1,0.038,1.027,1.409,1.440,0.398,0.969,1.318,1.414,1.452,0.101,0.042,0.037,1.427,1.445,1.104,1.404,0.555,1.115,1.181,1.439,1.466,0.143,0.384,1.439,1.164,1.424,1.466,1.214,0.435,1.098,1.476,1.481,1.490,1.460,0.143,0.154,1.445,1.452,1.473,1.469,0.540,1.203,1.206,1.435,1.510,0.200,1.463,1.469,1.092,1.448,1.229,1.435,0.260,0.706,1.404,1.474,1.477,0.107,0.138,0.310,1.478,1.126,1.466,1.446,0.308,0.743,1.051,1.466,1.500,1.476,1.469,0.113,1.446,1.408,1.208,1.468,0.248,0.618,1.303,1.486,1.476,0.138,0.187,1.386,0.041,1.133,1.428,1.464,0.286,0.617,0.882,1.359,1.400,1.466,0.037,0.038
10:01:10,37.1,0.038,1.024,1.408,1.440,0.408,0.993,1.335,1.414,1.451,0.102,0.042,0.037,1.427,1.446,1.100,1.405,0.571,1.141,1.200,1.438,1.466,0.144,0.397,1.438,1.163,1.424,1.466,1.203,0.446,1.125,1.488,1.482,1.489,1.462,0.147,0.155,1.445,1.453,1.474,1.470,0.554,1.230,1.222,1.437,1.515,0.205,1.468,1.468,1.090,1.449,1.229,1.435,0.265,0.733,1.422,1.478,1.480,0.108,0.139,0.320,1.478,1.125,1.470,1.446,0.315,0.769,1.075,1.470,1.512,1.483,1.472,0.114,1.447,1.409,1.206,1.472,0.247,0.639,1.329,1.491,1.477,0.138,0.190,1.384,0.041,1.132,1.427,1.468,0.293,0.637,0.903,1.360,1.400,1.466,0.037,0.038
10:08:10,37.0,0.038,1.022,1.409,1.440,0.419,1.019,1.350,1.414,1.450,0.102,0.042,0.037,1.428,1.444,1.095,1.404,0.592,1.165,1.218,1.436,1.466,0.144,0.412,1.436,1.161,1.424,1.467,1.201,0.459,1.149,1.500,1.482,1.488,1.461,0.147,0.157,1.445,1.453,1.475,1.470,0.569,1.258,1.235,1.437,1.520,0.211,1.466,1.467,1.085,1.450,1.227,1.433,0.272,0.758,1.440,1.482,1.484,0.108,0.140,0.329,1.478,1.123,1.474,1.444,0.322,0.797,1.098,1.472,1.518,1.486,1.472,0.114,1.448,1.409,1.203,1.476,0.251,0.661,1.353,1.494,1.476,0.140,0.194,1.382,0.041,1.128,1.426,1.466,0.297,0.658,0.923,1.362,1.401,1.465,0.037,0.038
10:15:10,37.0,0.038,1.018,1.409,1.441,0.428,1.041,1.364,1.414,1.450,0.102,0.042,0.037,1.428,1.442,1.090,1.402,0.599,1.189,1.233,1.434,1.466,0.145,0.426,1.434,1.160,1.423,1.467,1.190,0.475,1.174,1.479,1.478,1.485,1.456,0.147,0.159,1.445,1.451,1.473,1.465,0.585,1.285,1.245,1.431,1.512,0.218,1.458,1.465,1.079,1.448,1.222,1.428,0.277,0.785,1.458,1.475,1.476,0.109,0.141,0.337,1.478,1.122,1.467,1.437,0.329,0.824,1.119,1.466,1.501,1.467,1.466,0.114,1.447,1.406,1.200,1.467,0.258,0.686,1.377,1.486,1.473,0.141,0.199,1.379,0.041,1.123,1.424,1.465,0.303,0.680,0.941,1.362,1.401,1.463,0.037,0.038
10:22:10,37.1,0.038,1.018,1.408,1.440,0.439,1.066,1.377,1.414,1.450,0.102,0.042,0.037,1.428,1.442,1.087,1.402,0.615,1.224,1.247,1.433,1.467,0.146,0.440,1.432,1.158,1.423,1.468,1.188,0.488,1.203,1.490,1.483,1.486,1.457,0.153,0.160,1.446,1.450,1.474,1.466,0.601,1.310,1.256,1.431,1.519,0.225,1.459,1.466,1.074,1.448,1.220,1.429,0.284,0.813,1.475,1.487,1.480,0.110,0.142,0.347,1.479,1.120,1.465,1.439,0.337,0.852,1.141,1.472,1.508,1.476,1.467,0.115,1.447,1.406,1.198,1.468,0.262,0.717,1.401,1.488,1.475,0.141,0.202,1.378,0.042,1.118,1.424,1.466,0.309,0.702,0.959,1.364,1.402,1.465,0.037,0.038
10:29:10,37.1,0.038,1.015,1.408,1.439,0.449,1.088,1.387,1.413,1.450,0.103,0.042,0.037,1.428,1.440,1.081,1.400,0.637,1.246,1.260,1.431,1.468,0.149,0.457,1.431,1.156,1.421,1.468,1.192,0.502,1.227,1.479,1.478,1.484,1.454,0.155,0.161,1.448,1.449,1.473,1.464,0.618,1.335,1.265,1.430,1.516,0.232,1.458,1.466,1.070,1.447,1.217,1.425,0.290,0.840,1.488,1.480,1.479,0.110,0.144,0.357,1.478,1.119,1.465,1.437,0.344,0.881,1.161,1.469,1.511,1.474,1.465,0.115,1.448,1.404,1.194,1.468,0.268,0.735,1.417,1.488,1.474,0.142,0.206,1.375,0.042,1.114,1.423,1.467,0.316,0.724,0.977,1.365,1.404,1.465,0.037,0.038
10:36:10,37.0,0.038,1.009,1.408,1.438,0.458,1.108,1.396,1.413,1.450,0.103,0.043,0.037,1.428,1.440,1.077,1.399,0.648,1.264,1.270,1.431,1.468,0.151,0.472,1.430,1.152,1.420,1.469,1.177,0.517,1.251,1.481,1.479,1.483,1.456,0.155,0.163,1.448,1.447,1.473,1.465,0.634,1.359,1.270,1.429,1.521,0.238,1.460,1.467,1.067,1.447,1.213,1.425,0.296,0.868,1.501,1.485,1.482,0.111,0.144,0.367,1.479,1.116,1.470,1.440,0.351,0.909,1.181,1.473,1.522,1.484,1.467,0.116,1.450,1.404,1.191,1.474,0.273,0.760,1.429,1.497,1.474,0.143,0.210,1.373,0.041,1.108,1.421,1.470,0.321,0.748,0.994,1.365,1.405,1.466,0.037,0.038
10:43:10,37.1,0.038,1.005,1.408,1.438,0.468,1.131,1.403,1.413,1.451,0.103,0.042,0.037,1.428,1.438,1.074,1.399,0.666,1.277,1.280,1.430,1.468,0.153,0.488,1.429,1.148,1.419,1.468,1.184,0.532,1.278,1.475,1.479,1.481,1.454,0.156,0.164,1.448,1.446,1.472,1.463,0.652,1.384,1.275,1.428,1.521,0.246,1.458,1.467,1.061,1.446,1.208,1.423,0.303,0.898,1.514,1.484,1.479,0.112,0.146,0.379,1.480,1.113,1.469,1.438,0.359,0.936,1.200,1.472,1.516,1.479,1.465,0.116,1.451,1.402,1.186,1.472,0.280,0.783,1.428,1.496,1.473,0.144,0.215,1.371,0.045,1.105,1.420,1.468,0.327,0.771,1.009,1.365,1.405,1.468,0.037,0.038
10:50:10,37.0,0.038,0.999,1.408,1.438,0.478,1.150,1.405,1.414,1.450,0.103,0.042,0.037,1.428,1.437,1.069,1.398,0.690,1.287,1.287,1.428,1.468,0.156,0.504,1.429,1.143,1.417,1.467,1.168,0.550,1.279,1.471,1.472,1.478,1.450,0.157,0.165,1.448,1.443,1.468,1.458,0.671,1.408,1.278,1.425,1.509,0.253,1.452,1.467,1.055,1.443,1.204,1.417,0.312,0.935,1.522,1.473,1.474,0.112,0.148,0.389,1.479,1.109,1.459,1.430,0.369,0.961,1.216,1.464,1.500,1.465,1.460,0.117,1.451,1.400,1.181,1.464,0.289,0.794,1.436,1.488,1.470,0.150,0.220,1.369,0.045,1.100,1.419,1.467,0.332,0.793,1.024,1.365,1.407,1.467,0.037,0.038
10:57:10,37.1,0.038,0.996,1.409,1.437,0.487,1.171,1.405,1.415,1.451,0.103,0.042,0.037,1.429,1.437,1.065,1.397,0.704,1.318,1.292,1.428,1.468,0.159,0.520,1.429,1.139,1.416,1.468,1.161,0.563,1.312,1.473,1.480,1.478,1.451,0.157,0.166,1.448,1.444,1.470,1.460,0.689,1.430,1.280,1.425,1.523,0.261,1.453,1.467,1.051,1.444,1.202,1.418,0.319,0.958,1.526,1.490,1.476,0.113,0.149,0.402,1.480,1.106,1.460,1.431,0.374,0.988,1.230,1.470,1.514,1.480,1.462,0.117,1.454,1.400,1.178,1.470,0.291,0.834,1.446,1.492,1.472,0.146,0.225,1.368,0.042,1.097,1.419,1.469,0.340,0.815,1.038,1.365,1.408,1.469,0.037,0.038
11:04:10,37.1,0.038,0.993,1.409,1.437,0.499,1.191,1.405,1.415,1.451,0.104,0.042,0.037,1.429,1.436,1.061,1.395,0.719,1.340,1.295,1.427,1.468,0.162,0.537,1.428,1.134,1.415,1.469,1.158,0.581,1.328,1.476,1.483,1.480,1.457,0.157,0.167,1.448,1.443,1.470,1.462,0.706,1.451,1.279,1.426,1.532,0.269,1.459,1.468,1.046,1.444,1.200,1.418,0.328,0.987,1.526,1.503,1.483,0.113,0.149,0.413,1.481,1.105,1.468,1.437,0.382,1.010,1.241,1.476,1.533,1.490,1.462,0.117,1.454,1.399,1.176,1.480,0.297,0.859,1.454,1.508,1.472,0.147,0.230,1.367,0.041,1.093,1.418,1.470,0.346,0.839,1.050,1.365,1.409,1.469,0.037,0.038
11:11:10,37.1,0.038,0.989,1.410,1.437,0.515,1.210,1.407,1.415,1.451,0.104,0.042,0.038,1.430,1.435,1.056,1.394,0.738,1.347,1.298,1.424,1.468,0.162,0.554,1.428,1.131,1.414,1.468,1.158,0.595,1.338,1.474,1.482,1.479,1.452,0.159,0.168,1.447,1.441,1.468,1.461,0.725,1.471,1.276,1.424,1.527,0.278,1.453,1.468,1.042,1.442,1.194,1.417,0.335,1.014,1.532,1.500,1.479,0.114,0.152,0.426,1.481,1.101,1.462,1.429,0.390,1.035,1.252,1.473,1.515,1.481,1.458,0.118,1.454,1.397,1.172,1.471,0.305,0.868,1.462,1.495,1.469,0.148,0.235,1.366,0.046,1.090,1.417,1.469,0.352,0.860,1.062,1.365,1.409,1.469,0.037,0.038
11:18:10,37.0,0.038,0.984,1.411,1.436,0.526,1.228,1.408,1.414,1.451,0.104,0.043,0.037,1.430,1.434,1.053,1.393,0.755,1.370,1.298,1.423,1.468,0.163,0.571,1.428,1.125,1.414,1.469,1.151,0.609,1.359,1.475,1.484,1.479,1.456,0.158,0.169,1.447,1.441,1.468,1.462,0.744,1.489,1.273,1.424,1.532,0.286,1.457,1.468,1.037,1.443,1.191,1.417,0.344,1.041,1.533,1.513,1.482,0.114,0.152,0.438,1.481,1.097,1.465,1.433,0.399,1.059,1.262,1.475,1.534,1.492,1.458,0.119,1.454,1.396,1.168,1.478,0.311,0.898,1.466,1.504,1.469,0.149,0.240,1.365,0.041,1.085,1.418,1.470,0.360,0.882,1.072,1.365,1.410,1.470,0.037,0.038
11:25:10,37.0,0.038,0.979,1.411,1.437,0.542,1.243,1.408,1.413,1.451,0.104,0.042,0.038,1.430,1.432,1.048,1.391,0.780,1.374,1.299,1.420,1.467,0.164,0.588,1.428,1.121,1.413,1.468,1.159,0.628,1.367,1.473,1.476,1.475,1.449,0.157,0.168,1.446,1.439,1.466,1.456,0.764,1.508,1.270,1.421,1.517,0.295,1.449,1.467,1.033,1.441,1.187,1.412,0.353,1.070,1.536,1.490,1.478,0.114,0.152,0.451,1.481,1.093,1.454,1.421,0.408,1.085,1.269,1.468,1.506,1.470,1.453,0.119,1.453,1.394,1.165,1.464,0.320,0.910,1.463,1.489,1.466,0.150,0.246,1.364,0.041,1.080,1.417,1.468,0.367,0.903,1.080,1.365,1.410,1.470,0.037,0.038
11:32:10,37.1,0.038,0.975,1.410,1.438,0.555,1.259,1.409,1.412,1.451,0.104,0.043,0.037,1.429,1.431,1.044,1.390,0.793,1.385,1.298,1.419,1.467,0.166,0.604,1.428,1.117,1.412,1.467,1.145,0.644,1.381,1.474,1.471,1.472,1.446,0.158,0.169,1.445,1.437,1.464,1.452,0.786,1.524,1.268,1.418,1.509,0.305,1.445,1.466,1.027,1.439,1.182,1.408,0.362,1.094,1.539,1.478,1.474,0.115,0.155,0.465,1.480,1.089,1.449,1.415,0.417,1.111,1.270,1.463,1.495,1.460,1.449,0.119,1.452,1.392,1.161,1.458,0.329,0.932,1.464,1.483,1.463,0.151,0.251,1.363,0.042,1.075,1.415,1.468,0.373,0.923,1.088,1.365,1.410,1.470,0.037,0.038
11:39:10,37.0,0.038,0.972,1.410,1.438,0.570,1.273,1.409,1.411,1.451,0.105,0.042,0.037,1.429,1.430,1.040,1.389,0.817,1.397,1.295,1.417,1.467,0.166,0.615,1.428,1.113,1.412,1.468,1.148,0.660,1.393,1.473,1.473,1.472,1.446,0.157,0.169,1.444,1.437,1.464,1.452,0.803,1.542,1.266,1.417,1.512,0.315,1.443,1.467,1.023,1.440,1.177,1.408,0.372,1.120,1.544,1.481,1.475,0.116,0.154,0.478,1.480,1.085,1.448,1.414,0.428,1.136,1.272,1.463,1.495,1.462,1.447,0.119,1.452,1.391,1.157,1.458,0.336,0.954,1.464,1.483,1.463,0.156,0.257,1.362,0.042,1.071,1.415,1.467,0.380,0.945,1.095,1.368,1.410,1.470,0.037,0.038
11:46:10,37.0,0.038,0.969,1.410,1.438,0.583,1.287,1.411,1.411,1.450,0.106,0.042,0.037,1.429,1.429,1.036,1.388,0.830,1.410,1.290,1.416,1.469,0.167,0.642,1.427,1.107,1.414,1.470,1.142,0.681,1.404,1.476,1.482,1.473,1.453,0.159,0.172,1.445,1.438,1.466,1.454,0.824,1.558,1.265,1.418,1.530,0.325,1.449,1.468,1.018,1.442,1.175,1.408,0.382,1.144,1.542,1.499,1.478,0.117,0.157,0.493,1.481,1.085,1.450,1.418,0.435,1.159,1.273,1.467,1.514,1.479,1.448,0.120,1.452,1.391,1.153,1.466,0.342,0.979,1.464,1.486,1.463,0.154,0.264,1.361,0.043,1.067,1.414,1.468,0.389,0.966,1.099,1.368,1.411,1.470,0.037,0.038
11:53:10,37.0,0.038,0.965,1.410,1.439,0.597,1.298,1.412,1.410,1.451,0.105,0.043,0.037,1.428,1.428,1.030,1.386,0.848,1.417,1.286,1.414,1.469,0.169,0.656,1.427,1.102,1.414,1.470,1.130,0.698,1.414,1.480,1.474,1.471,1.448,0.159,0.171,1.445,1.436,1.465,1.452,0.844,1.570,1.262,1.416,1.515,0.336,1.443,1.467,1.013,1.441,1.171,1.405,0.391,1.169,1.544,1.485,1.476,0.117,0.155,0.508,1.480,1.077,1.446,1.410,0.445,1.185,1.273,1.463,1.497,1.464,1.445,0.120,1.452,1.389,1.151,1.458,0.350,1.000,1.464,1.483,1.461,0.153,0.269,1.359,0.043,1.062,1.413,1.467,0.395,0.987,1.103,1.369,1.411,1.470,0.037,0.038
12:00:10,37.0,0.038,0.960,1.409,1.439,0.613,1.310,1.415,1.410,1.452,0.106,0.042,0.037,1.427,1.427,1.025,1.385,0.866,1.423,1.282,1.411,1.469,0.170,0.671,1.427,1.098,1.415,1.470,1.134,0.723,1.424,1.482,1.469,1.469,1.444,0.157,0.172,1.445,1.435,1.464,1.448,0.864,1.576,1.259,1.414,1.508,0.347,1.439,1.467,1.008,1.441,1.165,1.402,0.401,1.191,1.543,1.476,1.475,0.117,0.158,0.522,1.480,1.073,1.444,1.405,0.458,1.205,1.272,1.460,1.489,1.455,1.442,0.120,1.451,1.387,1.146,1.454,0.358,1.022,1.465,1.480,1.459,0.154,0.276,1.358,0.041,1.058,1.411,1.466,0.403,1.008,1.105,1.371,1.411,1.470,0.037,0.038
12:07:10,37.0,0.038,0.956,1.409,1.439,0.625,1.320,1.416,1.409,1.453,0.106,0.043,0.037,1.427,1.426,1.021,1.384,0.885,1.431,1.279,1.411,1.470,0.171,0.694,1.426,1.093,1.416,1.471,1.121,0.737,1.430,1.483,1.468,1.468,1.446,0.159,0.172,1.446,1.436,1.466,1.448,0.885,1.585,1.256,1.412,1.508,0.359,1.439,1.468,1.003,1.442,1.161,1.399,0.411,1.215,1.545,1.476,1.474,0.117,0.156,0.538,1.481,1.070,1.443,1.403,0.468,1.230,1.265,1.460,1.489,1.455,1.442,0.120,1.452,1.386,1.141,1.454,0.366,1.044,1.465,1.480,1.459,0.155,0.282,1.356,0.042,1.055,1.411,1.466,0.410,1.028,1.106,1.373,1.413,1.470,0.037,0.038
12:14:10,37.1,0.038,0.955,1.409,1.440,0.640,1.329,1.418,1.409,1.454,0.106,0.042,0.037,1.427,1.426,1.016,1.383,0.902,1.437,1.276,1.410,1.472,0.172,0.716,1.426,1.088,1.417,1.474,1.116,0.761,1.432,1.483,1.476,1.468,1.451,0.159,0.174,1.447,1.437,1.468,1.449,0.905,1.595,1.254,1.413,1.522,0.370,1.442,1.469,0.997,1.445,1.156,1.398,0.421,1.236,1.545,1.485,1.476,0.117,0.157,0.554,1.482,1.067,1.445,1.403,0.477,1.254,1.263,1.462,1.502,1.468,1.443,0.120,1.453,1.387,1.139,1.457,0.373,1.067,1.464,1.483,1.460,0.156,0.288,1.355,0.041,1.051,1.410,1.467,0.419,1.048,1.107,1.375,1.413,1.472,0.037,0.038
12:21:10,37.0,0.038,0.953,1.410,1.441,0.653,1.337,1.419,1.409,1.455,0.107,0.042,0.037,1.427,1.426,1.011,1.382,0.920,1.439,1.273,1.409,1.475,0.174,0.738,1.425,1.083,1.418,1.476,1.125,0.772,1.432,1.484,1.484,1.472,1.466,0.161,0.175,1.448,1.439,1.472,1.452,0.925,1.601,1.252,1.414,1.535,0.382,1.448,1.471,0.994,1.448,1.153,1.399,0.431,1.256,1.544,1.505,1.478,0.117,0.160,0.573,1.483,1.064,1.447,1.408,0.491,1.274,1.258,1.465,1.523,1.481,1.443,0.121,1.454,1.386,1.133,1.464,0.382,1.091,1.464,1.484,1.460,0.157,0.296,1.354,0.046,1.047,1.409,1.468,0.427,1.069,1.105,1.379,1.413,1.472,0.037,0.038
12:28:10,37.1,0.038,0.951,1.410,1.442,0.666,1.345,1.419,1.410,1.457,0.107,0.042,0.037,1.427,1.426,1.007,1.383,0.938,1.442,1.269,1.409,1.478,0.176,0.760,1.424,1.079,1.420,1.480,1.117,0.792,1.435,1.487,1.501,1.476,1.482,0.163,0.177,1.450,1.443,1.478,1.461,0.945,1.605,1.251,1.416,1.560,0.395,1.456,1.472,0.991,1.453,1.148,1.400,0.443,1.275,1.542,1.537,1.485,0.118,0.162,0.588,1.486,1.059,1.455,1.419,0.499,1.297,1.255,1.473,1.553,1.517,1.444,0.122,1.456,1.387,1.129,1.485,0.392,1.127,1.465,1.498,1.461,0.158,0.302,1.353,0.043,1.045,1.409,1.468,0.437,1.088,1.102,1.384,1.415,1.472,0.037,0.038
12:35:10,37.0,0.038,0.948,1.411,1.443,0.684,1.351,1.421,1.410,1.458,0.108,0.042,0.037,1.428,1.426,1.002,1.381,0.955,1.441,1.266,1.408,1.478,0.177,0.778,1.425,1.074,1.422,1.480,1.103,0.811,1.437,1.487,1.492,1.477,1.472,0.162,0.176,1.452,1.442,1.474,1.456,0.966,1.608,1.248,1.415,1.541,0.407,1.450,1.473,0.986,1.451,1.144,1.397,0.454,1.296,1.541,1.510,1.481,0.119,0.160,0.605,1.486,1.057,1.450,1.407,0.508,1.322,1.251,1.470,1.539,1.486,1.442,0.122,1.456,1.386,1.125,1.470,0.401,1.136,1.467,1.486,1.459,0.158,0.310,1.352,0.046,1.039,1.408,1.469,0.444,1.106,1.099,1.389,1.416,1.473,0.037,0.038
12:42:10,37.0,0.038,0.944,1.412,1.444,0.696,1.350,1.421,1.410,1.461,0.108,0.042,0.037,1.429,1.426,0.999,1.383,0.971,1.446,1.264,1.410,1.483,0.178,0.804,1.426,1.069,1.427,1.483,1.106,0.828,1.442,1.492,1.534,1.485,1.500,0.164,0.180,1.455,1.447,1.479,1.473,0.986,1.611,1.247,1.421,1.583,0.421,1.465,1.474,0.984,1.455,1.139,1.399,0.465,1.315,1.539,1.545,1.492,0.118,0.165,0.624,1.488,1.052,1.466,1.426,0.525,1.345,1.248,1.481,1.569,1.534,1.446,0.123,1.458,1.388,1.119,1.495,0.409,1.177,1.469,1.504,1.462,0.159,0.318,1.351,0.046,1.036,1.408,1.470,0.454,1.124,1.097,1.394,1.419,1.474,0.037,0.038
12:49:10,37.0,0.038,0.941,1.412,1.444,0.713,1.351,1.421,1.410,1.464,0.108,0.042,0.037,1.429,1.427,0.994,1.381,0.987,1.442,1.260,1.407,1.482,0.181,0.825,1.426,1.063,1.430,1.482,1.098,0.846,1.440,1.488,1.496,1.480,1.470,0.163,0.179,1.457,1.445,1.475,1.459,1.003,1.611,1.245,1.416,1.537,0.435,1.452,1.475,0.980,1.452,1.134,1.395,0.477,1.337,1.538,1.492,1.486,0.119,0.162,0.642,1.487,1.049,1.451,1.404,0.530,1.354,1.245,1.471,1.522,1.475,1.443,0.123,1.460,1.385,1.116,1.464,0.419,1.176,1.469,1.486,1.460,0.160,0.326,1.351,0.045,1.032,1.408,1.470,0.462,1.142,1.093,1.401,1.421,1.476,0.037,0.038
12:56:10,37.1,0.038,0.940,1.413,1.446,0.727,1.356,1.422,1.410,1.467,0.108,0.042,0.038,1.428,1.427,0.990,1.381,1.002,1.443,1.256,1.407,1.483,0.181,0.847,1.426,1.059,1.434,1.484,1.090,0.863,1.440,1.488,1.497,1.481,1.472,0.164,0.180,1.461,1.446,1.476,1.461,1.022,1.612,1.242,1.416,1.539,0.449,1.456,1.476,0.978,1.454,1.130,1.394,0.489,1.354,1.536,1.492,1.489,0.120,0.163,0.660,1.490,1.044,1.450,1.402,0.543,1.364,1.242,1.470,1.530,1.481,1.445,0.123,1.464,1.385,1.111,1.467,0.428,1.195,1.468,1.488,1.462,0.162,0.334,1.350,0.046,1.030,1.408,1.471,0.472,1.159,1.091,1.407,1.423,1.478,0.037,0.038
13:03:10,37.1,0.038,0.940,1.413,1.448,0.742,1.361,1.422,1.411,1.472,0.110,0.042,0.037,1.428,1.427,0.986,1.381,1.016,1.444,1.252,1.408,1.488,0.182,0.869,1.426,1.056,1.441,1.487,1.086,0.881,1.442,1.488,1.524,1.486,1.481,0.164,0.181,1.465,1.448,1.479,1.465,1.038,1.614,1.242,1.419,1.558,0.463,1.468,1.478,0.976,1.456,1.125,1.394,0.503,1.371,1.534,1.511,1.493,0.119,0.165,0.678,1.492,1.040,1.451,1.411,0.566,1.378,1.239,1.472,1.545,1.513,1.447,0.123,1.466,1.385,1.108,1.477,0.438,1.218,1.469,1.492,1.465,0.163,0.342,1.350,0.041,1.027,1.408,1.472,0.482,1.176,1.089,1.412,1.426,1.483,0.037,0.038
13:10:10,37.0,0.038,0.944,1.417,1.450,0.756,1.357,1.422,1.413,1.477,0.111,0.042,0.037,1.429,1.428,0.980,1.382,1.032,1.444,1.248,1.409,1.491,0.186,0.892,1.427,1.050,1.448,1.490,1.081,0.898,1.443,1.488,1.532,1.489,1.483,0.165,0.182,1.468,1.449,1.481,1.466,1.054,1.615,1.239,1.420,1.559,0.478,1.474,1.480,0.974,1.458,1.121,1.394,0.515,1.388,1.532,1.515,1.498,0.120,0.165,0.698,1.495,1.037,1.450,1.411,0.576,1.379,1.236,1.473,1.542,1.510,1.454,0.123,1.469,1.386,1.104,1.473,0.448,1.234,1.470,1.492,1.468,0.163,0.351,1.349,0.046,1.024,1.409,1.475,0.492,1.193,1.088,1.417,1.429,1.488,0.037,0.038
13:17:10,37.0,0.038,0.942,1.417,1.453,0.771,1.357,1.424,1.414,1.485,0.112,0.042,0.037,1.430,1.430,0.975,1.381,1.044,1.443,1.244,1.408,1.494,0.184,0.915,1.428,1.045,1.455,1.494,1.077,0.917,1.443,1.489,1.519,1.488,1.480,0.165,0.182,1.472,1.448,1.484,1.466,1.067,1.618,1.237,1.418,1.557,0.494,1.476,1.484,0.969,1.460,1.119,1.394,0.525,1.403,1.530,1.508,1.503,0.121,0.166,0.718,1.497,1.036,1.451,1.408,0.582,1.389,1.232,1.469,1.541,1.505,1.459,0.123,1.473,1.386,1.099,1.471,0.458,1.253,1.470,1.494,1.470,0.165,0.359,1.348,0.046,1.022,1.409,1.477,0.501,1.209,1.084,1.423,1.435,1.493,0.037,0.038
13:24:10,37.0,0.038,0.941,1.418,1.457,0.785,1.357,1.425,1.415,1.494,0.111,0.042,0.037,1.432,1.432,0.965,1.382,1.056,1.445,1.240,1.409,1.502,0.186,0.937,1.437,1.041,1.461,1.500,1.074,0.937,1.446,1.498,1.536,1.497,1.498,0.167,0.184,1.476,1.448,1.491,1.474,1.079,1.621,1.236,1.422,1.583,0.508,1.488,1.491,0.965,1.465,1.112,1.397,0.544,1.418,1.529,1.526,1.514,0.121,0.168,0.737,1.501,1.028,1.456,1.423,0.596,1.402,1.228,1.474,1.553,1.533,1.465,0.124,1.476,1.387,1.097,1.481,0.468,1.279,1.472,1.503,1.475,0.166,0.368,1.349,0.046,1.020,1.410,1.480,0.512,1.225,1.083,1.429,1.441,1.497,0.037,0.038
13:31:10,37.0,0.038,0.943,1.420,1.461,0.799,1.358,1.427,1.417,1.501,0.112,0.042,0.037,1.433,1.435,0.960,1.383,1.067,1.450,1.238,1.411,1.517,0.188,0.958,1.444,1.036,1.469,1.507,1.069,0.951,1.461,1.536,1.563,1.520,1.521,0.168,0.187,1.484,1.454,1.512,1.516,1.091,1.624,1.236,1.432,1.615,0.524,1.503,1.497,0.957,1.477,1.109,1.412,0.556,1.428,1.526,1.552,1.533,0.121,0.172,0.758,1.504,1.024,1.478,1.455,0.612,1.429,1.226,1.483,1.573,1.560,1.475,0.125,1.481,1.389,1.097,1.489,0.478,1.319,1.476,1.522,1.484,0.166,0.377,1.347,0.046,1.018,1.410,1.485,0.523,1.240,1.081,1.435,1.447,1.501,0.037,0.038
13:38:10,37.0,0.038,0.944,1.424,1.464,0.813,1.359,1.427,1.419,1.508,0.114,0.043,0.037,1.437,1.439,0.954,1.382,1.078,1.448,1.234,1.411,1.518,0.190,0.981,1.449,1.033,1.476,1.509,1.069,0.970,1.453,1.516,1.566,1.528,1.521,0.169,0.186,1.490,1.451,1.514,1.502,1.101,1.623,1.234,1.433,1.618,0.540,1.503,1.502,0.933,1.477,1.104,1.409,0.571,1.442,1.528,1.550,1.540,0.121,0.170,0.778,1.507,1.020,1.482,1.461,0.625,1.426,1.224,1.485,1.571,1.559,1.477,0.125,1.487,1.391,1.093,1.485,0.489,1.327,1.475,1.522,1.489,0.166,0.386,1.348,0.045,1.015,1.412,1.488,0.532,1.254,1.077,1.441,1.453,1.506,0.037,0.038
13:45:10,37.0,0.038,0.954,1.426,1.468,0.828,1.360,1.429,1.422,1.515,0.115,0.043,0.037,1.439,1.441,0.950,1.382,1.087,1.445,1.229,1.410,1.524,0.191,1.003,1.454,1.027,1.482,1.514,1.063,0.984,1.448,1.502,1.549,1.526,1.520,0.169,0.186,1.497,1.452,1.506,1.496,1.110,1.621,1.232,1.433,1.606,0.555,1.499,1.507,0.879,1.477,1.101,1.408,0.582,1.457,1.532,1.533,1.542,0.122,0.170,0.799,1.511,1.017,1.471,1.442,0.637,1.432,1.220,1.484,1.561,1.538,1.478,0.126,1.493,1.393,1.088,1.480,0.501,1.324,1.472,1.518,1.495,0.168,0.395,1.350,0.046,1.014,1.413,1.491,0.543,1.267,1.075,1.449,1.459,1.510,0.037,0.038
13:52:10,37.0,0.038,0.956,1.429,1.474,0.841,1.361,1.431,1.424,1.522,0.115,0.043,0.037,1.442,1.445,0.947,1.383,1.095,1.446,1.226,1.411,1.532,0.192,1.023,1.456,1.024,1.490,1.522,1.059,0.998,1.449,1.514,1.548,1.526,1.520,0.169,0.187,1.504,1.455,1.510,1.499,1.116,1.626,1.231,1.432,1.611,0.572,1.504,1.512,0.856,1.482,1.097,1.409,0.596,1.469,1.538,1.537,1.550,0.122,0.171,0.819,1.515,1.012,1.475,1.448,0.651,1.439,1.218,1.486,1.566,1.542,1.484,0.126,1.500,1.397,1.087,1.487,0.513,1.342,1.473,1.526,1.501,0.168,0.405,1.361,0.046,1.012,1.417,1.496,0.554,1.279,1.071,1.461,1.464,1.515,0.037,0.038
13:59:10,37.1,0.038,0.956,1.434,1.482,0.856,1.363,1.434,1.433,1.528,0.116,0.042,0.037,1.445,1.449,0.937,1.383,1.101,1.444,1.221,1.410,1.537,0.194,1.045,1.460,1.019,1.496,1.528,1.054,1.008,1.445,1.502,1.530,1.523,1.520,0.170,0.188,1.510,1.457,1.513,1.498,1.122,1.622,1.228,1.429,1.593,0.587,1.499,1.516,0.844,1.487,1.094,1.407,0.610,1.474,1.542,1.522,1.552,0.122,0.171,0.840,1.522,1.008,1.464,1.417,0.670,1.436,1.214,1.484,1.561,1.522,1.486,0.125,1.506,1.400,1.083,1.479,0.523,1.344,1.472,1.525,1.506,0.170,0.414,1.366,0.046,1.011,1.420,1.499,0.565,1.290,1.067,1.475,1.470,1.519,0.037,0.038
14:06:10,37.0,0.038,0.963,1.438,1.488,0.867,1.364,1.442,1.439,1.536,0.116,0.043,0.037,1.449,1.453,0.928,1.384,1.106,1.448,1.218,1.413,1.546,0.193,1.065,1.463,1.016,1.503,1.536,1.051,1.022,1.451,1.518,1.553,1.529,1.530,0.172,0.190,1.516,1.462,1.524,1.505,1.126,1.635,1.229,1.436,1.621,0.603,1.507,1.522,0.812,1.496,1.090,1.412,0.624,1.484,1.547,1.543,1.565,0.122,0.173,0.861,1.529,1.006,1.477,1.450,0.681,1.439,1.212,1.500,1.576,1.546,1.494,0.127,1.513,1.405,1.079,1.490,0.536,1.374,1.478,1.539,1.515,0.171,0.424,1.368,0.046,1.011,1.426,1.507,0.577,1.302,1.065,1.488,1.476,1.525,0.037,0.038
14:13:10,37.1,0.038,0.967,1.441,1.495,0.878,1.366,1.448,1.446,1.542,0.117,0.042,0.037,1.453,1.461,0.922,1.384,1.110,1.446,1.214,1.413,1.552,0.196,1.085,1.465,1.014,1.511,1.542,1.052,1.033,1.448,1.507,1.535,1.527,1.529,0.172,0.190,1.523,1.465,1.527,1.505,1.128,1.634,1.226,1.431,1.603,0.620,1.504,1.527,0.809,1.502,1.089,1.409,0.638,1.485,1.552,1.534,1.567,0.122,0.172,0.881,1.535,1.002,1.472,1.422,0.696,1.439,1.209,1.500,1.573,1.534,1.498,0.126,1.519,1.410,1.054,1.486,0.547,1.369,1.477,1.537,1.520,0.171,0.434,1.369,0.046,1.018,1.429,1.513,0.588,1.312,1.062,1.493,1.482,1.530,0.037,0.038
14:20:10,37.1,0.038,0.969,1.447,1.501,0.889,1.367,1.454,1.452,1.550,0.116,0.043,0.037,1.458,1.468,0.911,1.384,1.114,1.447,1.211,1.414,1.559,0.197,1.106,1.469,1.009,1.526,1.550,1.045,1.041,1.448,1.513,1.538,1.530,1.535,0.173,0.191,1.529,1.469,1.535,1.510,1.129,1.631,1.225,1.435,1.611,0.637,1.507,1.532,0.809,1.509,1.085,1.410,0.652,1.490,1.557,1.542,1.575,0.123,0.172,0.901,1.542,0.998,1.480,1.422,0.711,1.442,1.206,1.508,1.579,1.539,1.503,0.126,1.525,1.415,1.040,1.490,0.559,1.378,1.478,1.544,1.526,0.172,0.445,1.371,0.045,1.022,1.434,1.520,0.600,1.321,1.060,1.496,1.488,1.535,0.037,0.038
14:27:10,37.1,0.038,0.973,1.454,1.507,0.900,1.369,1.460,1.457,1.561,0.116,0.043,0.037,1.464,1.474,0.881,1.386,1.115,1.447,1.207,1.415,1.565,0.196,1.125,1.472,1.005,1.535,1.556,1.045,1.049,1.449,1.518,1.538,1.533,1.538,0.173,0.192,1.536,1.473,1.541,1.514,1.129,1.611,1.224,1.433,1.614,0.654,1.510,1.538,0.808,1.515,1.081,1.411,0.668,1.492,1.563,1.546,1.580,0.123,0.173,0.921,1.547,0.994,1.480,1.415,0.725,1.444,1.203,1.510,1.583,1.539,1.508,0.127,1.531,1.421,1.005,1.493,0.572,1.387,1.482,1.548,1.532,0.173,0.455,1.375,0.045,1.028,1.438,1.526,0.611,1.331,1.057,1.497,1.493,1.539,0.037,0.038
14:34:10,37.0,0.038,0.979,1.462,1.513,0.908,1.372,1.468,1.463,1.577,0.115,0.042,0.037,1.471,1.481,0.872,1.386,1.116,1.448,1.204,1.421,1.571,0.198,1.145,1.477,1.003,1.542,1.563,1.042,1.056,1.448,1.522,1.541,1.538,1.543,0.174,0.193,1.547,1.481,1.548,1.520,1.128,1.609,1.223,1.433,1.611,0.670,1.513,1.544,0.809,1.522,1.079,1.411,0.684,1.493,1.569,1.548,1.587,0.124,0.173,0.940,1.553,0.991,1.487,1.407,0.742,1.445,1.200,1.517,1.584,1.535,1.513,0.127,1.538,1.428,0.992,1.498,0.585,1.394,1.488,1.554,1.538,0.176,0.466,1.373,0.046,1.032,1.443,1.532,0.624,1.340,1.055,1.496,1.498,1.548,0.037,0.038
14:41:10,37.0,0.038,0.982,1.470,1.519,0.917,1.374,1.475,1.470,1.587,0.115,0.042,0.037,1.478,1.487,0.856,1.387,1.116,1.450,1.200,1.428,1.579,0.199,1.162,1.480,1.001,1.546,1.569,1.035,1.062,1.451,1.526,1.549,1.546,1.551,0.174,0.195,1.561,1.487,1.555,1.528,1.129,1.606,1.221,1.435,1.619,0.688,1.518,1.549,0.810,1.530,1.077,1.412,0.699,1.499,1.573,1.558,1.596,0.123,0.173,0.958,1.560,0.989,1.498,1.414,0.757,1.445,1.198,1.522,1.595,1.546,1.520,0.127,1.548,1.435,0.983,1.505,0.598,1.403,1.493,1.560,1.545,0.175,0.476,1.377,0.045,1.039,1.448,1.538,0.636,1.349,1.052,1.495,1.510,1.559,0.037,0.038
14:48:10,37.1,0.038,0.982,1.478,1.525,0.925,1.375,1.481,1.477,1.590,0.115,0.043,0.037,1.485,1.494,0.847,1.389,1.114,1.450,1.197,1.431,1.586,0.201,1.181,1.484,0.998,1.550,1.575,1.037,1.066,1.450,1.530,1.545,1.550,1.553,0.175,0.195,1.578,1.494,1.561,1.533,1.126,1.601,1.220,1.433,1.617,0.705,1.521,1.554,0.809,1.535,1.074,1.410,0.716,1.492,1.556,1.552,1.600,0.124,0.174,0.978,1.565,0.985,1.503,1.403,0.772,1.448,1.194,1.521,1.593,1.540,1.525,0.127,1.561,1.443,0.974,1.510,0.612,1.403,1.497,1.564,1.550,0.176,0.488,1.379,0.046,1.044,1.455,1.545,0.649,1.354,1.050,1.492,1.526,1.571,0.037,0.038
14:55:10,37.0,0.038,0.982,1.484,1.532,0.931,1.377,1.487,1.484,1.593,0.114,0.043,0.037,1.491,1.501,0.841,1.392,1.113,1.454,1.193,1.438,1.602,0.201,1.196,1.488,0.996,1.557,1.584,1.029,1.069,1.476,1.544,1.563,1.559,1.563,0.175,0.197,1.584,1.502,1.570,1.543,1.124,1.610,1.218,1.440,1.643,0.723,1.528,1.559,0.807,1.543,1.071,1.415,0.731,1.500,1.571,1.579,1.624,0.124,0.175,0.996,1.571,0.975,1.510,1.425,0.790,1.451,1.194,1.530,1.620,1.569,1.533,0.128,1.576,1.449,0.963,1.523,0.624,1.421,1.508,1.573,1.563,0.177,0.499,1.384,0.046,1.048,1.462,1.550,0.661,1.358,1.048,1.489,1.532,1.587,0.037,0.038
15:02:10,37.1,0.038,0.979,1.489,1.537,0.937,1.380,1.488,1.491,1.595,0.114,0.042,0.037,1.497,1.507,0.839,1.393,1.112,1.454,1.190,1.440,1.610,0.202,1.213,1.492,0.994,1.558,1.593,1.026,1.070,1.459,1.542,1.557,1.564,1.565,0.176,0.196,1.584,1.508,1.574,1.547,1.122,1.610,1.216,1.445,1.631,0.741,1.530,1.567,0.805,1.549,1.069,1.413,0.749,1.493,1.562,1.571,1.632,0.125,0.176,1.015,1.577,0.964,1.516,1.408,0.805,1.450,1.190,1.533,1.609,1.552,1.539,0.128,1.585,1.456,0.957,1.524,0.638,1.407,1.509,1.577,1.583,0.177,0.510,1.384,0.045,1.049,1.468,1.556,0.672,1.357,1.046,1.487,1.534,1.586,0.037,0.038
15:09:10,37.0,0.038,0.978,1.495,1.546,0.942,1.381,1.490,1.498,1.596,0.114,0.043,0.037,1.504,1.513,0.836,1.397,1.110,1.459,1.187,1.447,1.618,0.203,1.229,1.497,0.992,1.556,1.608,1.024,1.074,1.486,1.557,1.575,1.573,1.576,0.176,0.199,1.588,1.515,1.584,1.557,1.119,1.617,1.217,1.454,1.663,0.759,1.539,1.584,0.801,1.556,1.066,1.417,0.765,1.500,1.570,1.590,1.642,0.125,0.177,1.032,1.584,0.956,1.524,1.426,0.823,1.454,1.189,1.541,1.632,1.579,1.554,0.129,1.585,1.463,0.951,1.536,0.652,1.434,1.519,1.595,1.591,0.178,0.522,1.389,0.046,1.050,1.475,1.563,0.686,1.356,1.044,1.484,1.542,1.588,0.037,0.038
15:16:10,37.0,0.038,0.974,1.500,1.555,0.945,1.383,1.494,1.504,1.594,0.114,0.043,0.037,1.510,1.519,0.832,1.400,1.109,1.461,1.184,1.450,1.621,0.204,1.245,1.501,0.988,1.554,1.615,1.022,1.072,1.472,1.553,1.572,1.577,1.581,0.177,0.198,1.590,1.521,1.597,1.561,1.116,1.617,1.215,1.458,1.658,0.778,1.544,1.592,0.796,1.565,1.064,1.416,0.781,1.497,1.569,1.589,1.640,0.125,0.177,1.050,1.596,0.939,1.528,1.418,0.837,1.452,1.186,1.544,1.640,1.578,1.571,0.128,1.589,1.470,0.944,1.538,0.665,1.416,1.521,1.611,1.593,0.179,0.534,1.388,0.045,1.052,1.481,1.573,0.697,1.356,1.041,1.481,1.546,1.588,0.037,0.038
15:23:10,37.0,0.038,0.971,1.506,1.565,0.948,1.386,1.498,1.514,1.593,0.111,0.043,0.037,1.516,1.528,0.829,1.404,1.104,1.469,1.181,1.456,1.623,0.206,1.261,1.508,0.978,1.552,1.619,1.020,1.073,1.473,1.557,1.575,1.584,1.589,0.177,0.200,1.590,1.528,1.609,1.568,1.113,1.618,1.213,1.463,1.660,0.796,1.552,1.598,0.792,1.582,1.062,1.417,0.797,1.497,1.572,1.595,1.641,0.125,0.177,1.068,1.615,0.925,1.534,1.416,0.852,1.452,1.183,1.550,1.654,1.588,1.577,0.130,1.592,1.476,0.939,1.544,0.679,1.414,1.526,1.617,1.593,0.179,0.545,1.398,0.044,1.052,1.490,1.589,0.710,1.356,1.040,1.479,1.545,1.587,0.037,0.038
15:30:10,37.0,0.038,0.966,1.512,1.569,0.948,1.390,1.502,1.524,1.590,0.110,0.043,0.037,1.522,1.541,0.823,1.408,1.100,1.473,1.179,1.461,1.631,0.203,1.276,1.514,0.944,1.550,1.621,1.019,1.072,1.481,1.561,1.587,1.591,1.607,0.178,0.201,1.589,1.534,1.616,1.575,1.109,1.622,1.213,1.468,1.677,0.816,1.559,1.601,0.791,1.590,1.062,1.420,0.814,1.502,1.576,1.606,1.651,0.125,0.178,1.086,1.619,0.915,1.542,1.417,0.869,1.454,1.181,1.558,1.663,1.601,1.580,0.130,1.592,1.483,0.930,1.552,0.692,1.414,1.531,1.620,1.600,0.180,0.558,1.397,0.046,1.054,1.496,1.595,0.723,1.356,1.036,1.476,1.544,1.585,0.037,0.038
15:37:10,37.0,0.038,0.959,1.519,1.574,0.948,1.393,1.506,1.533,1.587,0.109,0.042,0.037,1.535,1.549,0.814,1.413,1.097,1.477,1.175,1.466,1.631,0.205,1.290,1.518,0.935,1.546,1.627,1.030,1.071,1.481,1.563,1.579,1.595,1.615,0.179,0.202,1.587,1.540,1.617,1.579,1.109,1.625,1.212,1.473,1.671,0.834,1.564,1.600,0.788,1.593,1.059,1.419,0.829,1.490,1.581,1.610,1.644,0.128,0.178,1.103,1.622,0.903,1.546,1.404,0.882,1.456,1.178,1.559,1.652,1.593,1.580,0.129,1.591,1.490,0.920,1.556,0.706,1.411,1.534,1.618,1.602,0.182,0.569,1.403,0.043,1.058,1.502,1.599,0.735,1.355,1.034,1.472,1.541,1.581,0.037,0.038
15:44:10,37.1,0.038,0.956,1.526,1.581,0.950,1.401,1.510,1.540,1.584,0.110,0.042,0.037,1.544,1.556,0.808,1.420,1.095,1.482,1.172,1.473,1.631,0.207,1.303,1.525,0.920,1.544,1.632,1.016,1.068,1.486,1.568,1.586,1.602,1.620,0.179,0.203,1.585,1.546,1.620,1.586,1.107,1.626,1.210,1.477,1.680,0.852,1.571,1.598,0.787,1.596,1.058,1.420,0.845,1.495,1.587,1.630,1.643,0.126,0.179,1.120,1.628,0.891,1.553,1.407,0.898,1.462,1.175,1.565,1.656,1.600,1.579,0.129,1.590,1.502,0.915,1.562,0.722,1.412,1.541,1.617,1.601,0.182,0.582,1.404,0.041,1.058,1.508,1.605,0.748,1.356,1.034,1.470,1.538,1.578,0.037,0.038
15:51:10,37.1,0.038,0.955,1.532,1.584,0.948,1.413,1.516,1.543,1.581,0.110,0.043,0.037,1.551,1.559,0.805,1.427,1.091,1.489,1.171,1.479,1.630,0.206,1.317,1.534,0.917,1.541,1.634,1.013,1.067,1.513,1.577,1.608,1.610,1.625,0.179,0.203,1.583,1.554,1.630,1.597,1.097,1.626,1.210,1.485,1.704,0.872,1.577,1.602,0.787,1.604,1.056,1.423,0.861,1.506,1.596,1.648,1.646,0.125,0.179,1.136,1.630,0.885,1.564,1.415,0.913,1.474,1.174,1.578,1.677,1.617,1.577,0.130,1.588,1.520,0.899,1.571,0.735,1.415,1.548,1.622,1.600,0.183,0.595,1.406,0.042,1.060,1.515,1.612,0.761,1.355,1.031,1.468,1.535,1.574,0.037,0.038
15:58:10,37.0,0.038,0.953,1.537,1.583,0.948,1.424,1.521,1.543,1.579,0.111,0.043,0.037,1.555,1.561,0.802,1.433,1.087,1.493,1.167,1.485,1.627,0.208,1.329,1.541,0.913,1.537,1.633,1.012,1.065,1.509,1.580,1.606,1.616,1.623,0.180,0.204,1.580,1.567,1.632,1.613,1.093,1.627,1.208,1.489,1.694,0.891,1.579,1.604,0.787,1.609,1.054,1.424,0.877,1.501,1.610,1.645,1.641,0.126,0.179,1.152,1.630,0.880,1.581,1.410,0.927,1.478,1.172,1.595,1.671,1.608,1.579,0.130,1.587,1.526,0.895,1.583,0.750,1.414,1.553,1.622,1.598,0.184,0.608,1.410,0.046,1.062,1.528,1.614,0.773,1.354,1.029,1.466,1.532,1.570,0.037,0.038
16:05:10,37.1,0.038,0.951,1.539,1.581,0.948,1.427,1.523,1.549,1.576,0.113,0.043,0.037,1.558,1.570,0.798,1.439,1.083,1.497,1.165,1.490,1.625,0.209,1.340,1.544,0.912,1.535,1.630,1.014,1.063,1.507,1.587,1.607,1.623,1.622,0.181,0.205,1.578,1.580,1.630,1.622,1.088,1.629,1.208,1.495,1.682,0.909,1.578,1.602,0.788,1.609,1.053,1.426,0.890,1.495,1.618,1.637,1.636,0.126,0.179,1.166,1.629,0.875,1.589,1.404,0.939,1.480,1.169,1.599,1.661,1.601,1.579,0.130,1.585,1.531,0.893,1.597,0.762,1.412,1.557,1.621,1.595,0.185,0.621,1.415,0.044,1.065,1.542,1.613,0.785,1.353,1.027,1.463,1.528,1.567,0.037,0.038
16:12:10,37.0,0.038,0.953,1.545,1.580,0.947,1.426,1.521,1.551,1.573,0.113,0.043,0.037,1.567,1.573,0.794,1.446,1.079,1.504,1.163,1.501,1.622,0.211,1.352,1.546,0.908,1.532,1.629,1.011,1.060,1.533,1.604,1.638,1.638,1.620,0.180,0.206,1.576,1.587,1.630,1.629,1.085,1.628,1.208,1.501,1.710,0.928,1.579,1.601,0.793,1.609,1.051,1.429,0.906,1.510,1.623,1.649,1.636,0.127,0.179,1.180,1.627,0.874,1.594,1.412,0.955,1.488,1.168,1.608,1.671,1.611,1.579,0.130,1.583,1.534,0.890,1.605,0.777,1.416,1.561,1.620,1.592,0.186,0.634,1.419,0.042,1.067,1.548,1.612,0.798,1.353,1.025,1.461,1.526,1.563,0.037,0.038
16:19:10,37.1,0.038,0.953,1.551,1.578,0.945,1.427,1.519,1.550,1.570,0.113,0.043,0.037,1.571,1.573,0.792,1.452,1.075,1.510,1.160,1.514,1.620,0.212,1.364,1.546,0.905,1.529,1.627,1.008,1.057,1.547,1.614,1.651,1.654,1.622,0.181,0.207,1.573,1.591,1.628,1.633,1.081,1.627,1.207,1.506,1.724,0.947,1.578,1.598,0.796,1.607,1.050,1.431,0.920,1.517,1.625,1.651,1.634,0.128,0.180,1.194,1.625,0.870,1.600,1.414,0.968,1.492,1.167,1.608,1.670,1.611,1.577,0.131,1.580,1.543,0.887,1.608,0.790,1.421,1.565,1.618,1.589,0.186,0.648,1.423,0.043,1.068,1.551,1.610,0.811,1.354,1.025,1.459,1.522,1.559,0.037,0.038
16:26:10,37.1,0.038,0.955,1.554,1.576,0.945,1.433,1.517,1.549,1.568,0.113,0.043,0.037,1.572,1.573,0.789,1.459,1.072,1.515,1.158,1.523,1.617,0.214,1.370,1.544,0.904,1.526,1.624,1.011,1.054,1.536,1.617,1.645,1.661,1.622,0.182,0.208,1.571,1.595,1.625,1.636,1.078,1.629,1.207,1.513,1.704,0.965,1.574,1.595,0.797,1.606,1.049,1.432,0.934,1.520,1.627,1.644,1.627,0.128,0.181,1.208,1.622,0.867,1.603,1.408,0.980,1.493,1.164,1.603,1.660,1.596,1.574,0.131,1.577,1.546,0.887,1.614,0.804,1.420,1.568,1.615,1.587,0.187,0.661,1.429,0.046,1.072,1.553,1.608,0.823,1.355,1.023,1.458,1.519,1.557,0.037,0.038
16:33:10,37.0,0.038,0.957,1.553,1.574,0.943,1.437,1.518,1.547,1.566,0.113,0.042,0.037,1.571,1.571,0.781,1.465,1.068,1.523,1.156,1.530,1.614,0.213,1.377,1.541,0.901,1.524,1.622,1.010,1.051,1.558,1.622,1.649,1.664,1.620,0.181,0.209,1.568,1.600,1.623,1.644,1.074,1.628,1.206,1.519,1.709,0.984,1.571,1.593,0.796,1.603,1.047,1.434,0.948,1.529,1.624,1.647,1.624,0.128,0.181,1.222,1.620,0.863,1.608,1.411,0.990,1.496,1.162,1.599,1.663,1.597,1.572,0.131,1.575,1.546,0.886,1.621,0.817,1.427,1.576,1.614,1.583,0.188,0.675,1.438,0.046,1.075,1.561,1.606,0.835,1.356,1.021,1.455,1.516,1.553,0.037,0.038
16:40:10,37.1,0.038,0.957,1.551,1.571,0.940,1.440,1.518,1.546,1.563,0.114,0.043,0.037,1.570,1.570,0.769,1.471,1.064,1.530,1.154,1.532,1.610,0.215,1.381,1.538,0.898,1.521,1.618,1.017,1.048,1.546,1.620,1.638,1.664,1.617,0.183,0.211,1.565,1.600,1.620,1.644,1.069,1.630,1.204,1.526,1.690,1.001,1.567,1.590,0.798,1.601,1.047,1.437,0.958,1.525,1.624,1.636,1.619,0.126,0.181,1.235,1.617,0.858,1.607,1.406,1.002,1.497,1.160,1.596,1.652,1.591,1.568,0.132,1.573,1.546,0.882,1.621,0.831,1.428,1.591,1.610,1.580,0.189,0.689,1.452,0.042,1.079,1.564,1.604,0.847,1.355,1.019,1.452,1.514,1.550,0.037,0.038
16:47:10,37.1,0.038,0.960,1.550,1.568,0.938,1.443,1.517,1.543,1.560,0.113,0.042,0.037,1.568,1.568,0.759,1.478,1.060,1.539,1.151,1.532,1.608,0.215,1.384,1.536,0.898,1.518,1.616,1.007,1.043,1.552,1.619,1.638,1.665,1.616,0.183,0.211,1.563,1.600,1.618,1.644,1.065,1.630,1.204,1.539,1.689,1.018,1.565,1.587,0.800,1.599,1.044,1.444,0.971,1.545,1.627,1.638,1.616,0.126,0.182,1.247,1.615,0.854,1.606,1.408,1.012,1.501,1.159,1.597,1.650,1.591,1.565,0.132,1.570,1.545,0.880,1.621,0.844,1.430,1.593,1.608,1.577,0.191,0.703,1.458,0.045,1.084,1.565,1.601,0.859,1.355,1.018,1.451,1.511,1.547,0.037,0.038
16:54:10,37.0,0.038,0.965,1.549,1.567,0.935,1.446,1.516,1.542,1.559,0.113,0.043,0.037,1.567,1.566,0.751,1.485,1.056,1.547,1.150,1.531,1.605,0.216,1.387,1.538,0.899,1.516,1.613,1.005,1.038,1.558,1.617,1.634,1.668,1.612,0.183,0.211,1.560,1.599,1.615,1.642,1.061,1.631,1.201,1.554,1.683,1.036,1.564,1.583,0.803,1.596,1.044,1.450,0.980,1.543,1.627,1.633,1.612,0.127,0.182,1.260,1.613,0.842,1.604,1.407,1.021,1.503,1.157,1.594,1.646,1.591,1.562,0.132,1.567,1.544,0.877,1.620,0.856,1.431,1.591,1.605,1.574,0.191,0.717,1.466,0.043,1.091,1.564,1.599,0.871,1.355,1.017,1.450,1.509,1.545,0.037,0.038
17:01:10,37.1,0.038,0.970,1.546,1.564,0.933,1.448,1.514,1.539,1.557,0.112,0.043,0.037,1.565,1.564,0.747,1.495,1.052,1.556,1.148,1.534,1.603,0.216,1.390,1.537,0.899,1.514,1.611,0.968,1.035,1.602,1.641,1.658,1.669,1.611,0.183,0.213,1.558,1.599,1.614,1.642,1.059,1.631,1.204,1.563,1.706,1.052,1.566,1.581,0.803,1.595,1.042,1.456,0.992,1.560,1.625,1.645,1.612,0.127,0.182,1.272,1.610,0.824,1.604,1.416,1.031,1.535,1.156,1.595,1.657,1.602,1.560,0.132,1.565,1.543,0.875,1.620,0.869,1.437,1.591,1.604,1.573,0.193,0.732,1.470,0.041,1.092,1.562,1.596,0.882,1.355,1.016,1.448,1.506,1.542,0.037,0.038
17:08:10,37.0,0.038,0.969,1.544,1.561,0.930,1.451,1.512,1.537,1.555,0.114,0.042,0.037,1.563,1.563,0.736,1.505,1.049,1.557,1.146,1.534,1.599,0.217,1.390,1.536,0.901,1.512,1.607,0.959,1.030,1.579,1.620,1.629,1.665,1.607,0.184,0.214,1.556,1.597,1.609,1.638,1.054,1.632,1.203,1.562,1.674,1.068,1.563,1.579,0.805,1.591,1.042,1.461,0.999,1.538,1.625,1.620,1.606,0.127,0.183,1.283,1.607,0.820,1.600,1.407,1.037,1.510,1.154,1.589,1.640,1.587,1.556,0.132,1.562,1.541,0.871,1.617,0.881,1.434,1.585,1.601,1.569,0.194,0.747,1.476,0.041,1.095,1.561,1.594,0.892,1.354,1.014,1.446,1.505,1.540,0.037,0.038
17:15:10,37.0,0.038,0.972,1.542,1.559,0.928,1.452,1.509,1.535,1.553,0.112,0.042,0.037,1.560,1.560,0.723,1.515,1.045,1.561,1.145,1.533,1.597,0.219,1.391,1.535,0.902,1.510,1.605,0.939,1.026,1.581,1.619,1.633,1.664,1.605,0.184,0.215,1.554,1.596,1.607,1.637,1.051,1.631,1.202,1.563,1.676,1.083,1.562,1.576,0.806,1.590,1.042,1.468,1.009,1.558,1.622,1.628,1.603,0.128,0.183,1.293,1.605,0.816,1.598,1.410,1.045,1.512,1.152,1.587,1.639,1.586,1.553,0.133,1.560,1.540,0.868,1.615,0.892,1.435,1.587,1.599,1.567,0.194,0.761,1.476,0.041,1.098,1.559,1.591,0.904,1.354,1.013,1.445,1.502,1.537,0.037,0.038
17:22:10,37.0,0.038,0.972,1.539,1.557,0.925,1.454,1.507,1.532,1.550,0.113,0.043,0.037,1.558,1.558,0.722,1.522,1.040,1.564,1.143,1.532,1.595,0.219,1.392,1.533,0.901,1.509,1.603,0.935,1.022,1.595,1.621,1.644,1.663,1.602,0.184,0.215,1.552,1.594,1.605,1.637,1.047,1.630,1.202,1.563,1.689,1.099,1.561,1.573,0.806,1.587,1.040,1.474,1.017,1.565,1.619,1.634,1.602,0.128,0.184,1.301,1.603,0.802,1.597,1.415,1.051,1.518,1.151,1.585,1.641,1.587,1.551,0.132,1.557,1.538,0.869,1.613,0.903,1.437,1.587,1.596,1.564,0.195,0.775,1.478,0.042,1.101,1.558,1.589,0.913,1.354,1.013,1.443,1.500,1.534,0.037,0.038
17:29:10,,0.038,0.970,1.537,1.554,0.922,1.455,1.504,1.530,1.548,0.113,0.043,0.037,1.555,1.556,0.722,1.527,1.036,1.565,1.141,1.530,1.592,0.219,1.391,1.532,0.903,1.506,1.600,0.928,1.019,1.591,1.617,1.633,1.660,1.599,0.184,0.217,1.549,1.593,1.601,1.633,1.043,1.629,1.200,1.561,1.678,1.111,1.558,1.571,0.808,1.585,1.040,1.478,1.022,1.560,1.617,1.626,1.597,0.128,0.184,1.308,1.600,0.792,1.594,1.414,1.056,1.515,1.150,1.582,1.634,1.583,1.548,0.133,,,,,,,,,,,,,,,,,,,,,,,,
0:00:00,,,,,,,,,,,,,,,,,,,,,,,,,,,,,,,,,,,,,,,,,,,,,,,,,,,,,,,,,,,,,,,,,,,,,,,,,,,,,,,,,,,,,,,,,,,,,,,,,
0:00:00,,,,,,,,,,,,,,,,,,,,,,,,,,,,,,,,,,,,,,,,,,,,,,,,,,,,,,,,,,,,,,,,,,,,,,,,,,,,,,,,,,,,,,,,,,,,,,,,,
0:00:00,,,,,,,,,,,,,,,,,,,,,,,,,,,,,,,,,,,,,,,,,,,,,,,,,,,,,,,,,,,,,,,,,,,,,,,,,,,,,,,,,,,,,,,,,,,,,,,,,
0:00:00,,,,,,,,,,,,,,,,,,,,,,,,,,,,,,,,,,,,,,,,,,,,,,,,,,,,,,,,,,,,,,,,,,,,,,,,,,,,,,,,,,,,,,,,,,,,,,,,,
0:00:00,,,,,,,,,,,,,,,,,,,,,,,,,,,,,,,,,,,,,,,,,,,,,,,,,,,,,,,,,,,,,,,,,,,,,,,,,,,,,,,,,,,,,,,,,,,,,,,,,
0:00:00,,,,,,,,,,,,,,,,,,,,,,,,,,,,,,,,,,,,,,,,,,,,,,,,,,,,,,,,,,,,,,,,,,,,,,,,,,,,,,,,,,,,,,,,,,,,,,,,,
0:00:00,,,,,,,,,,,,,,,,,,,,,,,,,,,,,,,,,,,,,,,,,,,,,,,,,,,,,,,,,,,,,,,,,,,,,,,,,,,,,,,,,,,,,,,,,,,,,,,,,
0:00:00,,,,,,,,,,,,,,,,,,,,,,,,,,,,,,,,,,,,,,,,,,,,,,,,,,,,,,,,,,,,,,,,,,,,,,,,,,,,,,,,,,,,,,,,,,,,,,,,,
0:00:00,,,,,,,,,,,,,,,,,,,,,,,,,,,,,,,,,,,,,,,,,,,,,,,,,,,,,,,,,,,,,,,,,,,,,,,,,,,,,,,,,,,,,,,,,,,,,,,,,
0:00:00,,,,,,,,,,,,,,,,,,,,,,,,,,,,,,,,,,,,,,,,,,,,,,,,,,,,,,,,,,,,,,,,,,,,,,,,,,,,,,,,,,,,,,,,,,,,,,,,,
0:00:00,,,,,,,,,,,,,,,,,,,,,,,,,,,,,,,,,,,,,,,,,,,,,,,,,,,,,,,,,,,,,,,,,,,,,,,,,,,,,,,,,,,,,,,,,,,,,,,,,
0:00:00,,,,,,,,,,,,,,,,,,,,,,,,,,,,,,,,,,,,,,,,,,,,,,,,,,,,,,,,,,,,,,,,,,,,,,,,,,,,,,,,,,,,,,,,,,,,,,,,,
0:00:00,,,,,,,,,,,,,,,,,,,,,,,,,,,,,,,,,,,,,,,,,,,,,,,,,,,,,,,,,,,,,,,,,,,,,,,,,,,,,,,,,,,,,,,,,,,,,,,,,
0:00:00,,,,,,,,,,,,,,,,,,,,,,,,,,,,,,,,,,,,,,,,,,,,,,,,,,,,,,,,,,,,,,,,,,,,,,,,,,,,,,,,,,,,,,,,,,,,,,,,,
0:00:00,,,,,,,,,,,,,,,,,,,,,,,,,,,,,,,,,,,,,,,,,,,,,,,,,,,,,,,,,,,,,,,,,,,,,,,,,,,,,,,,,,,,,,,,,,,,,,,,,
0:00:00,,,,,,,,,,,,,,,,,,,,,,,,,,,,,,,,,,,,,,,,,,,,,,,,,,,,,,,,,,,,,,,,,,,,,,,,,,,,,,,,,,,,,,,,,,,,,,,,,
0:00:00,,,,,,,,,,,,,,,,,,,,,,,,,,,,,,,,,,,,,,,,,,,,,,,,,,,,,,,,,,,,,,,,,,,,,,,,,,,,,,,,,,,,,,,,,,,,,,,,,
0:00:00,,,,,,,,,,,,,,,,,,,,,,,,,,,,,,,,,,,,,,,,,,,,,,,,,,,,,,,,,,,,,,,,,,,,,,,,,,,,,,,,,,,,,,,,,,,,,,,,,
0:00:00,,,,,,,,,,,,,,,,,,,,,,,,,,,,,,,,,,,,,,,,,,,,,,,,,,,,,,,,,,,,,,,,,,,,,,,,,,,,,,,,,,,,,,,,,,,,,,,,,
0:00:00,,,,,,,,,,,,,,,,,,,,,,,,,,,,,,,,,,,,,,,,,,,,,,,,,,,,,,,,,,,,,,,,,,,,,,,,,,,,,,,,,,,,,,,,,,,,,,,,,
0:00:00,,,,,,,,,,,,,,,,,,,,,,,,,,,,,,,,,,,,,,,,,,,,,,,,,,,,,,,,,,,,,,,,,,,,,,,,,,,,,,,,,,,,,,,,,,,,,,,,,
0:00:00,,,,,,,,,,,,,,,,,,,,,,,,,,,,,,,,,,,,,,,,,,,,,,,,,,,,,,,,,,,,,,,,,,,,,,,,,,,,,,,,,,,,,,,,,,,,,,,,,
0:00:00,,,,,,,,,,,,,,,,,,,,,,,,,,,,,,,,,,,,,,,,,,,,,,,,,,,,,,,,,,,,,,,,,,,,,,,,,,,,,,,,,,,,,,,,,,,,,,,,,
0:00:00,,,,,,,,,,,,,,,,,,,,,,,,,,,,,,,,,,,,,,,,,,,,,,,,,,,,,,,,,,,,,,,,,,,,,,,,,,,,,,,,,,,,,,,,,,,,,,,,,
0:00:00,,,,,,,,,,,,,,,,,,,,,,,,,,,,,,,,,,,,,,,,,,,,,,,,,,,,,,,,,,,,,,,,,,,,,,,,,,,,,,,,,,,,,,,,,,,,,,,,,
0:00:00,,,,,,,,,,,,,,,,,,,,,,,,,,,,,,,,,,,,,,,,,,,,,,,,,,,,,,,,,,,,,,,,,,,,,,,,,,,,,,,,,,,,,,,,,,,,,,,,,
0:00:00,,,,,,,,,,,,,,,,,,,,,,,,,,,,,,,,,,,,,,,,,,,,,,,,,,,,,,,,,,,,,,,,,,,,,,,,,,,,,,,,,,,,,,,,,,,,,,,,,
0:00:00,,,,,,,,,,,,,,,,,,,,,,,,,,,,,,,,,,,,,,,,,,,,,,,,,,,,,,,,,,,,,,,,,,,,,,,,,,,,,,,,,,,,,,,,,,,,,,,,,
0:00:00,,,,,,,,,,,,,,,,,,,,,,,,,,,,,,,,,,,,,,,,,,,,,,,,,,,,,,,,,,,,,,,,,,,,,,,,,,,,,,,,,,,,,,,,,,,,,,,,,
0:00:00,,,,,,,,,,,,,,,,,,,,,,,,,,,,,,,,,,,,,,,,,,,,,,,,,,,,,,,,,,,,,,,,,,,,,,,,,,,,,,,,,,,,,,,,,,,,,,,,,
0:00:00,,,,,,,,,,,,,,,,,,,,,,,,,,,,,,,,,,,,,,,,,,,,,,,,,,,,,,,,,,,,,,,,,,,,,,,,,,,,,,,,,,,,,,,,,,,,,,,,,
0:00:00,,,,,,,,,,,,,,,,,,,,,,,,,,,,,,,,,,,,,,,,,,,,,,,,,,,,,,,,,,,,,,,,,,,,,,,,,,,,,,,,,,,,,,,,,,,,,,,,,
0:00:00,,,,,,,,,,,,,,,,,,,,,,,,,,,,,,,,,,,,,,,,,,,,,,,,,,,,,,,,,,,,,,,,,,,,,,,,,,,,,,,,,,,,,,,,,,,,,,,,,
0:00:00,,,,,,,,,,,,,,,,,,,,,,,,,,,,,,,,,,,,,,,,,,,,,,,,,,,,,,,,,,,,,,,,,,,,,,,,,,,,,,,,,,,,,,,,,,,,,,,,,
0:00:00,,,,,,,,,,,,,,,,,,,,,,,,,,,,,,,,,,,,,,,,,,,,,,,,,,,,,,,,,,,,,,,,,,,,,,,,,,,,,,,,,,,,,,,,,,,,,,,,,
0:00:00,,,,,,,,,,,,,,,,,,,,,,,,,,,,,,,,,,,,,,,,,,,,,,,,,,,,,,,,,,,,,,,,,,,,,,,,,,,,,,,,,,,,,,,,,,,,,,,,,
0:00:00,,,,,,,,,,,,,,,,,,,,,,,,,,,,,,,,,,,,,,,,,,,,,,,,,,,,,,,,,,,,,,,,,,,,,,,,,,,,,,,,,,,,,,,,,,,,,,,,,
0:00:00,,,,,,,,,,,,,,,,,,,,,,,,,,,,,,,,,,,,,,,,,,,,,,,,,,,,,,,,,,,,,,,,,,,,,,,,,,,,,,,,,,,,,,,,,,,,,,,,,
0:00:00,,,,,,,,,,,,,,,,,,,,,,,,,,,,,,,,,,,,,,,,,,,,,,,,,,,,,,,,,,,,,,,,,,,,,,,,,,,,,,,,,,,,,,,,,,,,,,,,,
0:00:00,,,,,,,,,,,,,,,,,,,,,,,,,,,,,,,,,,,,,,,,,,,,,,,,,,,,,,,,,,,,,,,,,,,,,,,,,,,,,,,,,,,,,,,,,,,,,,,,,
0:00:00,,,,,,,,,,,,,,,,,,,,,,,,,,,,,,,,,,,,,,,,,,,,,,,,,,,,,,,,,,,,,,,,,,,,,,,,,,,,,,,,,,,,,,,,,,,,,,,,,
0:00:00,,,,,,,,,,,,,,,,,,,,,,,,,,,,,,,,,,,,,,,,,,,,,,,,,,,,,,,,,,,,,,,,,,,,,,,,,,,,,,,,,,,,,,,,,,,,,,,,,
0:00:00,,,,,,,,,,,,,,,,,,,,,,,,,,,,,,,,,,,,,,,,,,,,,,,,,,,,,,,,,,,,,,,,,,,,,,,,,,,,,,,,,,,,,,,,,,,,,,,,,
0:00:00,,,,,,,,,,,,,,,,,,,,,,,,,,,,,,,,,,,,,,,,,,,,,,,,,,,,,,,,,,,,,,,,,,,,,,,,,,,,,,,,,,,,,,,,,,,,,,,,,
0:00:00,,,,,,,,,,,,,,,,,,,,,,,,,,,,,,,,,,,,,,,,,,,,,,,,,,,,,,,,,,,,,,,,,,,,,,,,,,,,,,,,,,,,,,,,,,,,,,,,,
0:00:00,,,,,,,,,,,,,,,,,,,,,,,,,,,,,,,,,,,,,,,,,,,,,,,,,,,,,,,,,,,,,,,,,,,,,,,,,,,,,,,,,,,,,,,,,,,,,,,,,
0:00:00,,,,,,,,,,,,,,,,,,,,,,,,,,,,,,,,,,,,,,,,,,,,,,,,,,,,,,,,,,,,,,,,,,,,,,,,,,,,,,,,,,,,,,,,,,,,,,,,,
0:00:00,,,,,,,,,,,,,,,,,,,,,,,,,,,,,,,,,,,,,,,,,,,,,,,,,,,,,,,,,,,,,,,,,,,,,,,,,,,,,,,,,,,,,,,,,,,,,,,,,
0:00:00,,,,,,,,,,,,,,,,,,,,,,,,,,,,,,,,,,,,,,,,,,,,,,,,,,,,,,,,,,,,,,,,,,,,,,,,,,,,,,,,,,,,,,,,,,,,,,,,,
0:00:00,,,,,,,,,,,,,,,,,,,,,,,,,,,,,,,,,,,,,,,,,,,,,,,,,,,,,,,,,,,,,,,,,,,,,,,,,,,,,,,,,,,,,,,,,,,,,,,,,
0:00:00,,,,,,,,,,,,,,,,,,,,,,,,,,,,,,,,,,,,,,,,,,,,,,,,,,,,,,,,,,,,,,,,,,,,,,,,,,,,,,,,,,,,,,,,,,,,,,,,,
0:00:00,,,,,,,,,,,,,,,,,,,,,,,,,,,,,,,,,,,,,,,,,,,,,,,,,,,,,,,,,,,,,,,,,,,,,,,,,,,,,,,,,,,,,,,,,,,,,,,,,
0:00:00,,,,,,,,,,,,,,,,,,,,,,,,,,,,,,,,,,,,,,,,,,,,,,,,,,,,,,,,,,,,,,,,,,,,,,,,,,,,,,,,,,,,,,,,,,,,,,,,,
0:00:00,,,,,,,,,,,,,,,,,,,,,,,,,,,,,,,,,,,,,,,,,,,,,,,,,,,,,,,,,,,,,,,,,,,,,,,,,,,,,,,,,,,,,,,,,,,,,,,,,
0:00:00,,,,,,,,,,,,,,,,,,,,,,,,,,,,,,,,,,,,,,,,,,,,,,,,,,,,,,,,,,,,,,,,,,,,,,,,,,,,,,,,,,,,,,,,,,,,,,,,,
0:00:00,,,,,,,,,,,,,,,,,,,,,,,,,,,,,,,,,,,,,,,,,,,,,,,,,,,,,,,,,,,,,,,,,,,,,,,,,,,,,,,,,,,,,,,,,,,,,,,,,

