0:09:10,37.0,0.038,0.042,0.045,0.048,0.045,0.048,0.040,0.039,0.046,0.044,0.044,0.043,0.038,0.042,0.043,0.050,0.047,0.043,0.040,0.040,0.042,0.046,0.041,0.043,0.037,0.042,0.043,0.041,0.046,0.066,0.045,0.045,0.041,0.045,0.043,0.043,0.038,0.042,0.043,0.041,0.041,0.041,0.046,0.044,0.045,0.040,0.043,0.043,0.038,0.041,0.042,0.042,0.042,0.041,0.040,0.041,0.044,0.043,0.043,0.047,0.039,0.042,0.042,0.041,0.042,0.041,0.041,0.044,0.043,0.040,0.041,0.043,0.038,0.042,0.043,0.045,0.118,0.043,0.040,0.043,0.046,0.045,0.040,0.044,0.038,0.042,0.042,0.063,0.045,0.047,0.041,0.043,0.047,0.044,0.042,0.043
0:19:10,37.0,0.038,0.042,0.045,0.047,0.046,0.047,0.040,0.039,0.046,0.044,0.041,0.044,0.038,0.042,0.043,0.051,0.049,0.042,0.040,0.040,0.042,0.044,0.043,0.044,0.037,0.041,0.042,0.041,0.046,0.065,0.043,0.043,0.043,0.043,0.042,0.044,0.038,0.041,0.043,0.041,0.042,0.041,0.044,0.042,0.048,0.040,0.044,0.044,0.038,0.042,0.042,0.040,0.043,0.041,0.039,0.041,0.046,0.041,0.042,0.048,0.039,0.042,0.042,0.041,0.047,0.044,0.041,0.042,0.042,0.039,0.043,0.043,0.038,0.043,0.043,0.045,0.113,0.042,0.051,0.041,0.047,0.045,0.043,0.044,0.038,0.043,0.043,0.067,0.050,0.045,0.041,0.044,0.046,0.043,0.042,0.043
0:29:10,37.0,0.038,0.042,0.045,0.049,0.049,0.046,0.041,0.041,0.046,0.043,0.042,0.044,0.038,0.042,0.044,0.050,0.048,0.043,0.040,0.042,0.043,0.045,0.042,0.044,0.037,0.042,0.043,0.041,0.049,0.066,0.043,0.046,0.044,0.043,0.043,0.044,0.038,0.042,0.043,0.042,0.042,0.042,0.044,0.043,0.046,0.043,0.043,0.044,0.038,0.043,0.042,0.041,0.045,0.041,0.040,0.041,0.043,0.042,0.042,0.047,0.039,0.042,0.042,0.041,0.045,0.044,0.042,0.044,0.043,0.041,0.042,0.044,0.038,0.043,0.043,0.045,0.114,0.041,0.053,0.041,0.048,0.047,0.042,0.044,0.038,0.043,0.043,0.068,0.051,0.043,0.041,0.044,0.045,0.043,0.042,0.043
0:39:10,37.0,0.038,0.043,0.045,0.049,0.047,0.045,0.042,0.041,0.044,0.044,0.045,0.045,0.038,0.043,0.044,0.051,0.048,0.043,0.041,0.042,0.043,0.045,0.043,0.044,0.037,0.042,0.042,0.041,0.047,0.061,0.043,0.043,0.045,0.046,0.043,0.045,0.038,0.042,0.043,0.042,0.042,0.043,0.044,0.044,0.045,0.047,0.044,0.045,0.038,0.043,0.042,0.041,0.044,0.041,0.041,0.043,0.043,0.044,0.042,0.048,0.039,0.043,0.042,0.041,0.044,0.044,0.043,0.043,0.043,0.042,0.044,0.044,0.038,0.042,0.042,0.044,0.108,0.042,0.053,0.043,0.046,0.049,0.042,0.045,0.038,0.044,0.044,0.069,0.051,0.046,0.042,0.044,0.044,0.045,0.042,0.044
0:49:10,37.0,0.038,0.043,0.044,0.046,0.045,0.046,0.042,0.041,0.045,0.044,0.044,0.045,0.038,0.043,0.043,0.051,0.046,0.043,0.042,0.043,0.044,0.045,0.043,0.045,0.037,0.043,0.042,0.042,0.047,0.067,0.044,0.044,0.045,0.045,0.044,0.045,0.038,0.043,0.043,0.043,0.043,0.043,0.045,0.044,0.048,0.047,0.044,0.045,0.038,0.043,0.043,0.042,0.045,0.042,0.042,0.042,0.046,0.044,0.043,0.048,0.039,0.043,0.043,0.042,0.044,0.044,0.044,0.044,0.044,0.043,0.043,0.045,0.038,0.044,0.043,0.044,0.109,0.042,0.054,0.043,0.047,0.048,0.043,0.045,0.039,0.044,0.043,0.070,0.049,0.045,0.043,0.045,0.045,0.044,0.043,0.044
0:59:10,37.0,0.038,0.044,0.045,0.047,0.046,0.047,0.043,0.043,0.046,0.045,0.045,0.046,0.039,0.044,0.044,0.051,0.047,0.044,0.043,0.043,0.045,0.046,0.044,0.046,0.037,0.043,0.043,0.043,0.047,0.069,0.044,0.045,0.046,0.046,0.044,0.046,0.038,0.044,0.044,0.044,0.044,0.044,0.046,0.045,0.047,0.044,0.045,0.046,0.038,0.044,0.043,0.043,0.045,0.042,0.043,0.043,0.045,0.045,0.043,0.049,0.039,0.044,0.043,0.042,0.044,0.045,0.044,0.044,0.045,0.044,0.044,0.046,0.038,0.045,0.043,0.045,0.111,0.043,0.055,0.044,0.047,0.049,0.043,0.046,0.039,0.045,0.043,0.069,0.048,0.045,0.043,0.045,0.046,0.045,0.044,0.045
1:09:10,37.0,0.038,0.044,0.046,0.048,0.047,0.048,0.043,0.043,0.047,0.046,0.045,0.047,0.039,0.045,0.045,0.053,0.048,0.045,0.043,0.044,0.046,0.047,0.044,0.047,0.038,0.044,0.043,0.044,0.047,0.068,0.045,0.046,0.046,0.047,0.045,0.047,0.038,0.044,0.044,0.044,0.044,0.044,0.047,0.046,0.048,0.044,0.045,0.047,0.038,0.044,0.044,0.043,0.045,0.043,0.044,0.044,0.046,0.045,0.044,0.050,0.039,0.044,0.043,0.043,0.045,0.045,0.045,0.045,0.046,0.044,0.044,0.046,0.038,0.045,0.044,0.045,0.113,0.044,0.056,0.044,0.049,0.046,0.044,0.047,0.039,0.045,0.044,0.068,0.050,0.046,0.044,0.046,0.047,0.046,0.044,0.046
1:19:10,37.0,0.038,0.045,0.046,0.049,0.048,0.049,0.044,0.043,0.048,0.046,0.046,0.048,0.039,0.045,0.046,0.051,0.049,0.045,0.044,0.044,0.046,0.048,0.045,0.047,0.037,0.044,0.044,0.044,0.048,0.069,0.046,0.046,0.047,0.048,0.045,0.047,0.038,0.045,0.044,0.045,0.045,0.045,0.047,0.046,0.049,0.045,0.046,0.048,0.038,0.045,0.044,0.044,0.046,0.043,0.044,0.044,0.047,0.046,0.044,0.050,0.039,0.045,0.044,0.043,0.045,0.046,0.045,0.046,0.046,0.045,0.045,0.047,0.038,0.046,0.044,0.047,0.116,0.044,0.056,0.045,0.049,0.049,0.044,0.048,0.039,0.046,0.044,0.067,0.049,0.046,0.044,0.046,0.047,0.046,0.045,0.046
1:29:10,37.0,0.038,0.046,0.047,0.050,0.049,0.050,0.044,0.044,0.049,0.047,0.047,0.048,0.039,0.046,0.046,0.052,0.050,0.046,0.044,0.045,0.047,0.049,0.045,0.048,0.037,0.045,0.044,0.045,0.049,0.071,0.047,0.047,0.048,0.049,0.046,0.049,0.039,0.046,0.045,0.046,0.045,0.046,0.049,0.047,0.050,0.046,0.047,0.049,0.038,0.046,0.045,0.044,0.047,0.044,0.045,0.045,0.048,0.047,0.045,0.051,0.039,0.045,0.044,0.044,0.046,0.046,0.046,0.047,0.047,0.045,0.046,0.048,0.038,0.047,0.044,0.048,0.119,0.044,0.056,0.045,0.050,0.050,0.045,0.049,0.039,0.047,0.044,0.067,0.051,0.046,0.045,0.047,0.049,0.047,0.045,0.047
1:39:10,37.0,0.038,0.046,0.048,0.050,0.050,0.051,0.045,0.045,0.050,0.048,0.048,0.049,0.038,0.046,0.047,0.053,0.050,0.047,0.045,0.046,0.048,0.049,0.046,0.049,0.037,0.046,0.045,0.045,0.050,0.071,0.047,0.048,0.049,0.049,0.047,0.049,0.038,0.046,0.046,0.046,0.046,0.046,0.050,0.048,0.051,0.046,0.048,0.050,0.038,0.046,0.045,0.044,0.047,0.044,0.045,0.045,0.049,0.048,0.046,0.052,0.039,0.046,0.044,0.044,0.046,0.047,0.047,0.047,0.048,0.046,0.046,0.049,0.038,0.047,0.045,0.049,0.120,0.044,0.056,0.046,0.051,0.054,0.046,0.050,0.038,0.047,0.044,0.067,0.048,0.046,0.045,0.047,0.049,0.048,0.046,0.048
1:49:10,37.1,0.038,0.047,0.048,0.051,0.051,0.052,0.046,0.046,0.051,0.049,0.048,0.050,0.038,0.047,0.048,0.053,0.051,0.048,0.045,0.046,0.049,0.050,0.047,0.050,0.037,0.046,0.045,0.045,0.051,0.073,0.049,0.049,0.050,0.050,0.048,0.050,0.038,0.047,0.046,0.046,0.046,0.047,0.050,0.048,0.052,0.047,0.048,0.051,0.038,0.047,0.045,0.045,0.048,0.044,0.046,0.046,0.049,0.049,0.047,0.053,0.039,0.047,0.045,0.044,0.047,0.047,0.047,0.048,0.049,0.047,0.048,0.050,0.038,0.048,0.045,0.050,0.118,0.045,0.057,0.046,0.052,0.055,0.047,0.051,0.038,0.048,0.045,0.069,0.052,0.047,0.045,0.048,0.050,0.049,0.047,0.049
1:59:10,37.0,0.038,0.048,0.049,0.052,0.052,0.053,0.046,0.046,0.052,0.049,0.049,0.051,0.038,0.048,0.048,0.055,0.053,0.049,0.046,0.047,0.050,0.051,0.047,0.051,0.037,0.047,0.046,0.046,0.051,0.073,0.049,0.050,0.051,0.051,0.048,0.051,0.038,0.048,0.047,0.047,0.047,0.048,0.051,0.049,0.053,0.048,0.049,0.052,0.038,0.048,0.046,0.045,0.048,0.045,0.047,0.047,0.051,0.050,0.047,0.054,0.039,0.048,0.045,0.045,0.047,0.048,0.048,0.049,0.050,0.047,0.048,0.051,0.038,0.049,0.045,0.050,0.118,0.045,0.058,0.047,0.053,0.055,0.047,0.051,0.038,0.049,0.045,0.066,0.052,0.047,0.046,0.048,0.051,0.049,0.048,0.050
2:09:10,37.0,0.038,0.049,0.050,0.053,0.053,0.054,0.047,0.047,0.053,0.051,0.050,0.053,0.039,0.049,0.049,0.056,0.053,0.049,0.047,0.048,0.051,0.052,0.048,0.052,0.037,0.048,0.046,0.046,0.053,0.075,0.051,0.051,0.052,0.052,0.049,0.052,0.038,0.049,0.048,0.048,0.048,0.049,0.052,0.050,0.055,0.049,0.050,0.053,0.038,0.049,0.046,0.046,0.049,0.046,0.048,0.048,0.052,0.051,0.048,0.056,0.039,0.049,0.046,0.045,0.048,0.049,0.049,0.050,0.051,0.048,0.049,0.052,0.038,0.048,0.046,0.051,0.118,0.046,0.058,0.048,0.055,0.051,0.048,0.053,0.039,0.050,0.045,0.069,0.052,0.048,0.046,0.049,0.052,0.050,0.048,0.051
2:19:10,37.0,0.038,0.050,0.051,0.054,0.054,0.055,0.048,0.048,0.054,0.051,0.051,0.054,0.038,0.050,0.050,0.057,0.054,0.050,0.048,0.049,0.051,0.053,0.049,0.053,0.037,0.049,0.047,0.047,0.054,0.076,0.051,0.052,0.052,0.053,0.050,0.053,0.038,0.050,0.048,0.048,0.049,0.049,0.053,0.051,0.056,0.050,0.051,0.054,0.038,0.050,0.047,0.046,0.050,0.046,0.048,0.049,0.053,0.052,0.049,0.056,0.039,0.050,0.046,0.045,0.049,0.049,0.050,0.050,0.052,0.049,0.050,0.053,0.038,0.049,0.046,0.051,0.116,0.046,0.059,0.048,0.056,0.054,0.049,0.054,0.039,0.051,0.045,0.067,0.053,0.048,0.047,0.049,0.053,0.051,0.049,0.052
2:29:10,37.1,0.038,0.051,0.052,0.055,0.056,0.056,0.049,0.049,0.055,0.052,0.052,0.055,0.038,0.051,0.051,0.058,0.056,0.051,0.049,0.050,0.052,0.054,0.050,0.054,0.037,0.050,0.048,0.048,0.055,0.075,0.053,0.053,0.054,0.054,0.051,0.055,0.038,0.052,0.049,0.049,0.050,0.050,0.055,0.052,0.057,0.051,0.052,0.055,0.038,0.051,0.047,0.047,0.051,0.046,0.049,0.050,0.054,0.053,0.050,0.058,0.039,0.051,0.046,0.046,0.049,0.050,0.050,0.051,0.053,0.051,0.052,0.054,0.038,0.050,0.046,0.051,0.117,0.046,0.060,0.049,0.057,0.057,0.050,0.055,0.038,0.052,0.046,0.063,0.054,0.049,0.047,0.050,0.054,0.052,0.050,0.053
2:39:10,37.0,0.038,0.052,0.053,0.056,0.057,0.058,0.050,0.050,0.056,0.054,0.053,0.058,0.039,0.052,0.052,0.059,0.057,0.052,0.050,0.051,0.054,0.055,0.051,0.056,0.038,0.051,0.048,0.048,0.056,0.078,0.054,0.054,0.055,0.056,0.052,0.056,0.038,0.052,0.049,0.050,0.051,0.051,0.056,0.053,0.059,0.052,0.054,0.057,0.038,0.052,0.048,0.047,0.051,0.047,0.050,0.051,0.056,0.054,0.051,0.059,0.039,0.052,0.047,0.046,0.050,0.051,0.051,0.052,0.055,0.051,0.052,0.056,0.038,0.051,0.047,0.051,0.112,0.047,0.061,0.050,0.058,0.055,0.052,0.057,0.039,0.053,0.046,0.068,0.054,0.049,0.048,0.051,0.056,0.053,0.051,0.054
2:49:10,37.1,0.038,0.053,0.054,0.057,0.058,0.059,0.051,0.051,0.057,0.055,0.054,0.060,0.039,0.053,0.053,0.061,0.059,0.053,0.051,0.052,0.055,0.056,0.052,0.057,0.037,0.052,0.049,0.049,0.057,0.079,0.056,0.056,0.056,0.057,0.053,0.057,0.038,0.054,0.050,0.051,0.052,0.052,0.058,0.054,0.060,0.053,0.055,0.058,0.038,0.053,0.048,0.048,0.052,0.048,0.051,0.052,0.057,0.055,0.053,0.060,0.039,0.053,0.047,0.047,0.051,0.051,0.052,0.053,0.056,0.053,0.054,0.058,0.038,0.052,0.047,0.052,0.111,0.047,0.061,0.051,0.059,0.060,0.053,0.058,0.038,0.054,0.046,0.071,0.055,0.049,0.048,0.051,0.057,0.054,0.052,0.055
2:59:10,37.0,0.038,0.054,0.055,0.058,0.059,0.060,0.052,0.052,0.059,0.056,0.055,0.061,0.039,0.055,0.054,0.062,0.060,0.055,0.052,0.053,0.056,0.058,0.053,0.059,0.037,0.054,0.050,0.050,0.059,0.081,0.057,0.057,0.057,0.058,0.055,0.059,0.038,0.055,0.051,0.051,0.053,0.053,0.059,0.055,0.062,0.054,0.056,0.060,0.038,0.054,0.049,0.048,0.053,0.048,0.052,0.053,0.058,0.057,0.054,0.062,0.039,0.054,0.048,0.047,0.051,0.052,0.053,0.055,0.057,0.054,0.055,0.059,0.038,0.054,0.047,0.052,0.109,0.048,0.062,0.051,0.061,0.061,0.054,0.060,0.039,0.055,0.046,0.066,0.055,0.050,0.049,0.052,0.058,0.055,0.053,0.057
3:09:10,37.0,0.038,0.056,0.057,0.060,0.061,0.061,0.053,0.053,0.060,0.057,0.057,0.063,0.039,0.056,0.055,0.063,0.061,0.056,0.053,0.054,0.057,0.059,0.054,0.061,0.037,0.055,0.051,0.050,0.060,0.082,0.059,0.058,0.059,0.059,0.056,0.060,0.038,0.056,0.052,0.052,0.054,0.054,0.060,0.056,0.063,0.055,0.058,0.062,0.038,0.055,0.050,0.049,0.054,0.049,0.053,0.054,0.059,0.058,0.055,0.064,0.039,0.055,0.048,0.048,0.052,0.052,0.054,0.056,0.059,0.055,0.057,0.061,0.038,0.055,0.048,0.052,0.115,0.048,0.061,0.052,0.062,0.061,0.055,0.061,0.039,0.056,0.047,0.068,0.056,0.050,0.050,0.053,0.059,0.056,0.055,0.058
3:19:10,37.1,0.038,0.057,0.058,0.061,0.063,0.062,0.054,0.055,0.062,0.058,0.058,0.065,0.038,0.057,0.056,0.065,0.063,0.057,0.054,0.056,0.058,0.060,0.055,0.063,0.037,0.056,0.051,0.051,0.062,0.084,0.060,0.060,0.060,0.061,0.058,0.064,0.038,0.058,0.053,0.053,0.055,0.055,0.062,0.058,0.065,0.056,0.059,0.063,0.038,0.056,0.050,0.049,0.055,0.050,0.055,0.055,0.061,0.059,0.057,0.066,0.039,0.056,0.049,0.048,0.053,0.053,0.055,0.057,0.060,0.058,0.058,0.062,0.038,0.057,0.048,0.053,0.116,0.048,0.063,0.053,0.064,0.064,0.057,0.063,0.039,0.057,0.047,0.060,0.056,0.051,0.050,0.053,0.061,0.058,0.056,0.060
3:29:10,37.0,0.038,0.059,0.059,0.062,0.064,0.064,0.056,0.056,0.063,0.060,0.060,0.067,0.039,0.059,0.057,0.067,0.065,0.059,0.055,0.057,0.060,0.061,0.057,0.064,0.037,0.058,0.052,0.052,0.063,0.086,0.062,0.061,0.062,0.062,0.060,0.064,0.038,0.059,0.053,0.054,0.057,0.056,0.064,0.059,0.067,0.058,0.061,0.066,0.038,0.058,0.051,0.050,0.057,0.051,0.056,0.057,0.063,0.061,0.059,0.068,0.039,0.058,0.049,0.049,0.054,0.054,0.057,0.058,0.062,0.060,0.060,0.064,0.038,0.058,0.048,0.053,0.116,0.049,0.064,0.054,0.065,0.065,0.058,0.065,0.039,0.059,0.047,0.071,0.056,0.051,0.051,0.054,0.063,0.059,0.058,0.062
3:39:10,37.0,0.038,0.060,0.060,0.064,0.067,0.065,0.058,0.058,0.065,0.061,0.061,0.069,0.039,0.061,0.059,0.068,0.066,0.061,0.057,0.059,0.062,0.063,0.059,0.067,0.037,0.059,0.053,0.053,0.065,0.087,0.064,0.063,0.064,0.064,0.061,0.066,0.038,0.061,0.054,0.055,0.058,0.058,0.065,0.061,0.069,0.059,0.063,0.068,0.038,0.059,0.051,0.051,0.058,0.051,0.057,0.059,0.065,0.063,0.060,0.070,0.039,0.060,0.050,0.049,0.055,0.055,0.058,0.060,0.064,0.061,0.062,0.069,0.038,0.058,0.049,0.054,0.117,0.050,0.064,0.055,0.067,0.067,0.060,0.067,0.039,0.060,0.048,0.074,0.056,0.052,0.052,0.055,0.064,0.061,0.059,0.064
3:49:10,37.0,0.038,0.062,0.062,0.065,0.069,0.067,0.060,0.060,0.067,0.063,0.063,0.069,0.038,0.063,0.060,0.070,0.068,0.062,0.059,0.061,0.064,0.064,0.060,0.069,0.037,0.061,0.054,0.054,0.067,0.089,0.066,0.065,0.066,0.066,0.063,0.069,0.038,0.063,0.056,0.056,0.059,0.059,0.067,0.063,0.071,0.061,0.065,0.070,0.038,0.061,0.052,0.051,0.059,0.052,0.059,0.060,0.067,0.065,0.063,0.072,0.039,0.061,0.050,0.049,0.056,0.056,0.059,0.061,0.066,0.063,0.064,0.069,0.038,0.060,0.049,0.054,0.117,0.050,0.065,0.056,0.069,0.068,0.062,0.069,0.039,0.062,0.048,0.068,0.056,0.052,0.053,0.056,0.066,0.063,0.061,0.065
3:59:10,37.1,0.038,0.064,0.064,0.067,0.071,0.069,0.061,0.062,0.069,0.066,0.065,0.073,0.039,0.065,0.061,0.072,0.070,0.064,0.060,0.063,0.066,0.066,0.062,0.071,0.037,0.063,0.056,0.055,0.069,0.090,0.069,0.067,0.068,0.068,0.066,0.071,0.038,0.065,0.057,0.057,0.061,0.061,0.069,0.065,0.074,0.063,0.067,0.072,0.038,0.063,0.053,0.052,0.060,0.053,0.061,0.062,0.069,0.067,0.064,0.074,0.039,0.063,0.051,0.050,0.057,0.057,0.061,0.063,0.069,0.065,0.066,0.071,0.038,0.062,0.050,0.054,0.117,0.051,0.066,0.058,0.071,0.070,0.064,0.072,0.039,0.064,0.048,0.071,0.057,0.053,0.053,0.057,0.069,0.065,0.064,0.068
4:09:10,37.1,0.038,0.066,0.066,0.068,0.074,0.071,0.064,0.064,0.071,0.068,0.067,0.075,0.038,0.067,0.063,0.074,0.072,0.066,0.062,0.065,0.068,0.068,0.064,0.074,0.037,0.065,0.057,0.056,0.071,0.093,0.072,0.069,0.070,0.070,0.068,0.073,0.038,0.068,0.058,0.058,0.063,0.062,0.071,0.067,0.077,0.069,0.070,0.075,0.038,0.065,0.054,0.052,0.061,0.054,0.063,0.065,0.072,0.070,0.067,0.077,0.039,0.065,0.051,0.050,0.058,0.058,0.063,0.065,0.072,0.068,0.069,0.074,0.038,0.064,0.050,0.055,0.120,0.051,0.067,0.059,0.073,0.072,0.067,0.074,0.038,0.065,0.048,0.070,0.058,0.053,0.054,0.058,0.071,0.068,0.066,0.070
4:19:10,37.0,0.038,0.068,0.067,0.070,0.076,0.072,0.067,0.067,0.074,0.070,0.069,0.078,0.038,0.069,0.065,0.075,0.074,0.069,0.065,0.068,0.071,0.070,0.066,0.076,0.037,0.068,0.058,0.057,0.073,0.094,0.075,0.072,0.073,0.073,0.071,0.076,0.038,0.070,0.059,0.059,0.065,0.064,0.074,0.070,0.080,0.071,0.072,0.078,0.038,0.067,0.055,0.053,0.063,0.055,0.065,0.067,0.075,0.072,0.070,0.080,0.039,0.068,0.052,0.051,0.059,0.059,0.065,0.067,0.075,0.071,0.072,0.079,0.038,0.064,0.050,0.055,0.120,0.052,0.069,0.060,0.076,0.075,0.070,0.079,0.039,0.068,0.049,0.073,0.059,0.054,0.056,0.059,0.074,0.071,0.069,0.073
4:29:10,37.1,0.038,0.071,0.069,0.072,0.079,0.075,0.070,0.070,0.076,0.073,0.072,0.081,0.039,0.072,0.066,0.077,0.076,0.071,0.067,0.071,0.074,0.074,0.069,0.080,0.037,0.070,0.059,0.058,0.075,0.095,0.078,0.074,0.076,0.075,0.073,0.081,0.038,0.073,0.060,0.060,0.067,0.066,0.076,0.072,0.083,0.071,0.075,0.081,0.038,0.070,0.055,0.054,0.064,0.056,0.067,0.070,0.078,0.075,0.073,0.084,0.039,0.070,0.053,0.051,0.060,0.060,0.067,0.069,0.079,0.074,0.075,0.080,0.038,0.068,0.051,0.055,0.123,0.052,0.070,0.062,0.079,0.078,0.072,0.080,0.038,0.070,0.049,0.074,0.059,0.054,0.057,0.060,0.077,0.074,0.072,0.076
4:39:10,37.0,0.038,0.074,0.072,0.074,0.083,0.077,0.073,0.073,0.080,0.077,0.075,0.085,0.038,0.075,0.068,0.079,0.078,0.073,0.070,0.074,0.077,0.074,0.071,0.083,0.037,0.073,0.061,0.059,0.078,0.099,0.082,0.077,0.080,0.078,0.077,0.083,0.038,0.076,0.061,0.061,0.069,0.069,0.079,0.075,0.087,0.074,0.079,0.085,0.038,0.072,0.056,0.055,0.066,0.058,0.070,0.073,0.081,0.079,0.076,0.087,0.039,0.073,0.053,0.052,0.061,0.061,0.069,0.071,0.082,0.078,0.078,0.088,0.038,0.070,0.051,0.056,0.124,0.053,0.071,0.064,0.082,0.081,0.076,0.083,0.038,0.072,0.049,0.076,0.060,0.055,0.058,0.061,0.080,0.077,0.076,0.079
4:49:10,37.0,0.038,0.077,0.074,0.076,0.086,0.079,0.077,0.077,0.083,0.081,0.078,0.090,0.038,0.078,0.070,0.081,0.080,0.076,0.073,0.078,0.081,0.077,0.075,0.087,0.037,0.076,0.063,0.060,0.080,0.100,0.086,0.080,0.083,0.081,0.081,0.087,0.038,0.080,0.062,0.063,0.071,0.071,0.082,0.079,0.091,0.078,0.083,0.088,0.038,0.075,0.057,0.056,0.068,0.059,0.073,0.076,0.085,0.083,0.081,0.091,0.039,0.076,0.054,0.053,0.063,0.063,0.072,0.074,0.087,0.082,0.082,0.097,0.038,0.071,0.052,0.056,0.124,0.054,0.073,0.066,0.086,0.085,0.080,0.086,0.038,0.075,0.050,0.077,0.060,0.055,0.059,0.062,0.083,0.081,0.080,0.083
4:59:10,37.0,0.038,0.080,0.077,0.079,0.089,0.082,0.081,0.080,0.087,0.085,0.081,0.094,0.039,0.082,0.072,0.083,0.083,0.080,0.077,0.082,0.086,0.080,0.079,0.092,0.037,0.080,0.065,0.062,0.087,0.102,0.091,0.084,0.087,0.086,0.085,0.091,0.038,0.083,0.064,0.065,0.074,0.074,0.085,0.084,0.096,0.082,0.087,0.093,0.038,0.079,0.058,0.057,0.070,0.060,0.076,0.080,0.089,0.087,0.085,0.095,0.039,0.079,0.055,0.054,0.064,0.064,0.075,0.077,0.091,0.086,0.086,0.100,0.038,0.073,0.052,0.057,0.124,0.054,0.074,0.068,0.090,0.090,0.084,0.090,0.039,0.078,0.050,0.076,0.061,0.056,0.060,0.064,0.087,0.085,0.084,0.087
5:09:10,37.0,0.038,0.084,0.079,0.081,0.092,0.084,0.086,0.085,0.092,0.091,0.085,0.099,0.038,0.086,0.074,0.085,0.086,0.082,0.081,0.087,0.091,0.082,0.083,0.096,0.037,0.083,0.067,0.063,0.090,0.103,0.096,0.088,0.091,0.090,0.090,0.097,0.038,0.087,0.065,0.066,0.076,0.077,0.089,0.088,0.101,0.087,0.092,0.097,0.038,0.082,0.059,0.058,0.072,0.062,0.080,0.084,0.094,0.092,0.090,0.103,0.039,0.082,0.055,0.054,0.066,0.066,0.078,0.081,0.097,0.092,0.091,0.100,0.038,0.076,0.052,0.057,0.125,0.055,0.074,0.071,0.095,0.096,0.088,0.095,0.038,0.081,0.050,0.078,0.062,0.056,0.062,0.065,0.091,0.090,0.089,0.092
5:19:10,37.0,0.038,0.088,0.081,0.083,0.096,0.086,0.092,0.090,0.098,0.098,0.090,0.103,0.038,0.090,0.076,0.085,0.088,0.086,0.085,0.093,0.097,0.086,0.088,0.101,0.037,0.087,0.069,0.065,0.093,0.103,0.101,0.093,0.096,0.095,0.096,0.100,0.038,0.091,0.067,0.067,0.079,0.080,0.093,0.093,0.106,0.093,0.098,0.102,0.038,0.086,0.060,0.059,0.074,0.064,0.084,0.089,0.099,0.097,0.096,0.106,0.039,0.086,0.056,0.055,0.067,0.068,0.082,0.085,0.103,0.097,0.097,0.110,0.038,0.079,0.053,0.058,0.126,0.056,0.080,0.073,0.100,0.100,0.094,0.100,0.039,0.085,0.051,0.079,0.062,0.057,0.064,0.067,0.097,0.095,0.095,0.097
5:29:10,37.1,0.038,0.092,0.084,0.085,0.099,0.089,0.098,0.095,0.105,0.104,0.095,0.110,0.039,0.094,0.078,0.086,0.091,0.089,0.090,0.099,0.104,0.090,0.094,0.107,0.037,0.091,0.071,0.066,0.097,0.110,0.108,0.100,0.102,0.100,0.102,0.105,0.038,0.095,0.068,0.069,0.082,0.084,0.098,0.100,0.113,0.100,0.104,0.107,0.038,0.089,0.061,0.060,0.077,0.066,0.088,0.094,0.105,0.105,0.103,0.113,0.039,0.090,0.057,0.056,0.069,0.070,0.086,0.089,0.109,0.105,0.103,0.118,0.038,0.082,0.054,0.059,0.127,0.057,0.082,0.077,0.106,0.106,0.099,0.105,0.039,0.088,0.051,0.078,0.063,0.058,0.065,0.069,0.101,0.100,0.102,0.100
5:39:10,37.0,0.038,0.096,0.086,0.087,0.103,0.092,0.106,0.101,0.114,0.113,0.101,0.117,0.038,0.099,0.080,0.088,0.094,0.093,0.095,0.107,0.111,0.094,0.101,0.113,0.037,0.095,0.074,0.068,0.101,0.112,0.114,0.106,0.109,0.107,0.109,0.111,0.038,0.100,0.070,0.070,0.085,0.088,0.102,0.107,0.121,0.108,0.112,0.114,0.038,0.093,0.062,0.062,0.079,0.068,0.094,0.100,0.112,0.113,0.110,0.115,0.039,0.094,0.058,0.056,0.071,0.072,0.091,0.094,0.116,0.112,0.110,0.122,0.038,0.085,0.054,0.059,0.127,0.058,0.086,0.080,0.113,0.114,0.106,0.109,0.038,0.092,0.051,0.079,0.064,0.059,0.067,0.070,0.106,0.106,0.108,0.105
5:49:10,37.1,0.038,0.102,0.088,0.089,0.107,0.096,0.114,0.107,0.123,0.122,0.108,0.124,0.038,0.104,0.082,0.089,0.098,0.097,0.102,0.117,0.121,0.100,0.110,0.119,0.037,0.100,0.076,0.070,0.106,0.114,0.122,0.114,0.117,0.116,0.117,0.117,0.038,0.105,0.071,0.072,0.089,0.093,0.108,0.114,0.130,0.117,0.121,0.120,0.038,0.098,0.063,0.063,0.082,0.071,0.100,0.106,0.119,0.121,0.119,0.122,0.039,0.098,0.059,0.057,0.073,0.074,0.096,0.099,0.124,0.119,0.117,0.123,0.038,0.090,0.055,0.059,0.128,0.059,0.090,0.083,0.121,0.122,0.114,0.115,0.038,0.096,0.052,0.078,0.065,0.059,0.069,0.072,0.112,0.113,0.115,0.111
5:59:10,37.0,0.038,0.107,0.090,0.091,0.112,0.100,0.124,0.114,0.134,0.133,0.116,0.134,0.038,0.110,0.085,0.091,0.102,0.102,0.109,0.127,0.131,0.107,0.119,0.126,0.037,0.105,0.079,0.072,0.110,0.119,0.130,0.123,0.126,0.124,0.126,0.124,0.038,0.110,0.073,0.074,0.093,0.099,0.114,0.123,0.141,0.126,0.130,0.126,0.038,0.102,0.065,0.065,0.085,0.074,0.108,0.113,0.129,0.131,0.128,0.129,0.039,0.103,0.059,0.058,0.075,0.076,0.102,0.105,0.133,0.130,0.127,0.127,0.038,0.093,0.055,0.060,0.130,0.060,0.095,0.087,0.130,0.130,0.121,0.120,0.038,0.101,0.052,0.081,0.065,0.060,0.071,0.075,0.118,0.120,0.123,0.117
6:09:10,37.1,0.038,0.112,0.092,0.094,0.117,0.105,0.135,0.123,0.146,0.145,0.126,0.143,0.038,0.116,0.087,0.094,0.107,0.107,0.118,0.137,0.143,0.116,0.129,0.134,0.037,0.110,0.081,0.075,0.117,0.121,0.140,0.134,0.139,0.134,0.136,0.131,0.038,0.116,0.074,0.077,0.098,0.106,0.121,0.134,0.153,0.137,0.141,0.134,0.038,0.108,0.066,0.067,0.089,0.078,0.115,0.121,0.139,0.141,0.138,0.137,0.039,0.108,0.060,0.059,0.077,0.079,0.107,0.112,0.145,0.140,0.137,0.143,0.038,0.095,0.056,0.061,0.128,0.061,0.099,0.091,0.139,0.139,0.129,0.127,0.038,0.105,0.052,0.081,0.066,0.061,0.073,0.077,0.125,0.127,0.131,0.124
6:19:10,37.0,0.038,0.119,0.095,0.098,0.123,0.111,0.147,0.133,0.158,0.157,0.136,0.151,0.038,0.123,0.090,0.096,0.113,0.113,0.128,0.150,0.155,0.128,0.140,0.142,0.037,0.116,0.083,0.078,0.125,0.126,0.151,0.145,0.151,0.145,0.148,0.140,0.038,0.122,0.076,0.080,0.103,0.113,0.130,0.145,0.166,0.149,0.153,0.143,0.038,0.114,0.067,0.069,0.092,0.082,0.124,0.130,0.152,0.152,0.150,0.145,0.039,0.114,0.061,0.060,0.080,0.081,0.114,0.119,0.156,0.151,0.147,0.140,0.038,0.100,0.056,0.061,0.131,0.063,0.103,0.096,0.150,0.149,0.138,0.135,0.038,0.111,0.053,0.082,0.066,0.061,0.076,0.080,0.133,0.135,0.140,0.131
6:29:10,37.0,0.038,0.125,0.097,0.102,0.130,0.118,0.161,0.145,0.171,0.169,0.147,0.161,0.039,0.130,0.094,0.099,0.119,0.119,0.138,0.163,0.170,0.140,0.151,0.151,0.037,0.122,0.085,0.082,0.133,0.129,0.163,0.157,0.165,0.156,0.160,0.149,0.038,0.128,0.078,0.083,0.109,0.120,0.141,0.157,0.180,0.160,0.166,0.152,0.038,0.119,0.068,0.071,0.096,0.087,0.133,0.139,0.165,0.164,0.164,0.155,0.039,0.120,0.062,0.061,0.082,0.084,0.121,0.126,0.168,0.164,0.159,0.148,0.038,0.104,0.057,0.062,0.127,0.065,0.107,0.101,0.162,0.162,0.147,0.143,0.038,0.117,0.053,0.084,0.067,0.063,0.078,0.082,0.139,0.143,0.149,0.139
6:39:10,37.0,0.038,0.132,0.098,0.108,0.138,0.127,0.176,0.157,0.185,0.182,0.159,0.173,0.039,0.139,0.098,0.102,0.127,0.128,0.149,0.177,0.185,0.153,0.166,0.162,0.037,0.128,0.085,0.086,0.141,0.135,0.176,0.171,0.179,0.169,0.174,0.161,0.038,0.134,0.080,0.087,0.116,0.129,0.152,0.170,0.196,0.174,0.185,0.162,0.038,0.126,0.070,0.074,0.100,0.092,0.143,0.151,0.179,0.178,0.178,0.164,0.039,0.127,0.063,0.062,0.085,0.088,0.129,0.136,0.181,0.179,0.170,0.158,0.038,0.110,0.057,0.062,0.129,0.066,0.110,0.105,0.175,0.173,0.157,0.152,0.038,0.122,0.054,0.083,0.068,0.063,0.081,0.085,0.148,0.152,0.160,0.149
6:49:10,37.1,0.038,0.138,0.100,0.115,0.148,0.139,0.189,0.170,0.199,0.197,0.171,0.186,0.038,0.148,0.103,0.106,0.136,0.138,0.161,0.192,0.203,0.167,0.179,0.173,0.037,0.133,0.086,0.092,0.151,0.140,0.191,0.188,0.195,0.182,0.191,0.170,0.038,0.141,0.081,0.092,0.124,0.138,0.164,0.188,0.215,0.190,0.198,0.173,0.038,0.135,0.071,0.076,0.105,0.111,0.154,0.163,0.195,0.194,0.193,0.176,0.039,0.135,0.064,0.063,0.088,0.091,0.138,0.146,0.195,0.194,0.183,0.168,0.038,0.118,0.058,0.063,0.131,0.068,0.115,0.111,0.192,0.190,0.169,0.162,0.039,0.129,0.054,0.082,0.069,0.064,0.083,0.088,0.157,0.165,0.172,0.158
6:59:10,37.0,0.038,0.146,0.103,0.124,0.158,0.152,0.205,0.184,0.215,0.214,0.185,0.200,0.038,0.158,0.109,0.110,0.147,0.150,0.173,0.209,0.222,0.183,0.196,0.186,0.037,0.141,0.086,0.098,0.161,0.148,0.207,0.206,0.217,0.199,0.208,0.182,0.038,0.149,0.083,0.098,0.133,0.148,0.175,0.206,0.237,0.212,0.216,0.186,0.038,0.144,0.073,0.080,0.110,0.116,0.167,0.176,0.212,0.213,0.208,0.188,0.039,0.145,0.065,0.064,0.092,0.094,0.148,0.156,0.210,0.210,0.197,0.180,0.038,0.126,0.059,0.063,0.135,0.070,0.121,0.116,0.207,0.202,0.181,0.173,0.038,0.138,0.054,0.085,0.069,0.065,0.086,0.092,0.167,0.175,0.185,0.169
7:09:10,37.0,0.038,0.154,0.107,0.134,0.172,0.167,0.222,0.202,0.232,0.232,0.199,0.213,0.038,0.170,0.117,0.115,0.159,0.163,0.188,0.228,0.241,0.199,0.213,0.200,0.037,0.148,0.087,0.106,0.173,0.161,0.228,0.226,0.238,0.217,0.226,0.196,0.038,0.158,0.086,0.105,0.142,0.159,0.188,0.224,0.260,0.226,0.234,0.200,0.038,0.157,0.075,0.083,0.115,0.122,0.182,0.190,0.231,0.231,0.227,0.202,0.039,0.156,0.066,0.066,0.096,0.098,0.158,0.167,0.228,0.227,0.215,0.206,0.038,0.135,0.059,0.064,0.133,0.072,0.129,0.122,0.223,0.221,0.195,0.185,0.038,0.146,0.055,0.086,0.070,0.067,0.089,0.095,0.178,0.186,0.199,0.181
7:19:10,37.0,0.038,0.164,0.113,0.146,0.187,0.184,0.242,0.219,0.252,0.251,0.215,0.231,0.038,0.182,0.125,0.121,0.173,0.177,0.204,0.246,0.263,0.217,0.232,0.217,0.037,0.158,0.088,0.114,0.185,0.170,0.248,0.246,0.260,0.235,0.246,0.211,0.038,0.170,0.089,0.111,0.153,0.172,0.204,0.246,0.284,0.250,0.254,0.215,0.038,0.170,0.077,0.087,0.122,0.129,0.199,0.206,0.251,0.250,0.246,0.217,0.039,0.168,0.067,0.067,0.099,0.102,0.168,0.179,0.246,0.246,0.232,0.221,0.038,0.145,0.060,0.065,0.135,0.074,0.134,0.129,0.242,0.238,0.210,0.199,0.038,0.156,0.055,0.085,0.072,0.068,0.093,0.099,0.191,0.200,0.213,0.195
7:29:10,37.1,0.038,0.173,0.121,0.158,0.206,0.205,0.265,0.235,0.273,0.273,0.234,0.248,0.038,0.197,0.135,0.129,0.189,0.193,0.222,0.266,0.285,0.238,0.254,0.233,0.037,0.168,0.090,0.122,0.195,0.184,0.271,0.267,0.282,0.254,0.268,0.227,0.038,0.183,0.092,0.119,0.165,0.187,0.222,0.266,0.307,0.267,0.276,0.232,0.038,0.185,0.079,0.091,0.129,0.137,0.215,0.223,0.277,0.271,0.268,0.234,0.039,0.181,0.068,0.069,0.104,0.106,0.180,0.192,0.267,0.268,0.251,0.236,0.038,0.158,0.060,0.066,0.146,0.077,0.142,0.137,0.261,0.251,0.227,0.213,0.038,0.167,0.055,0.087,0.072,0.068,0.096,0.102,0.204,0.216,0.231,0.209
7:39:10,37.0,0.038,0.184,0.131,0.174,0.225,0.224,0.288,0.255,0.297,0.297,0.254,0.271,0.038,0.213,0.145,0.137,0.205,0.209,0.240,0.290,0.310,0.259,0.276,0.253,0.037,0.180,0.092,0.131,0.210,0.197,0.294,0.290,0.305,0.275,0.291,0.246,0.038,0.199,0.096,0.127,0.178,0.203,0.240,0.288,0.334,0.289,0.299,0.251,0.038,0.201,0.082,0.095,0.135,0.145,0.233,0.241,0.303,0.296,0.291,0.253,0.039,0.195,0.070,0.071,0.108,0.110,0.192,0.205,0.289,0.290,0.272,0.250,0.038,0.170,0.061,0.066,0.152,0.079,0.152,0.144,0.282,0.270,0.245,0.230,0.038,0.180,0.056,0.088,0.077,0.070,0.100,0.107,0.222,0.230,0.249,0.226
7:49:10,37.0,0.038,0.197,0.144,0.190,0.242,0.240,0.314,0.275,0.323,0.323,0.274,0.293,0.038,0.234,0.157,0.147,0.223,0.230,0.260,0.315,0.336,0.281,0.300,0.273,0.037,0.195,0.094,0.141,0.230,0.213,0.321,0.315,0.331,0.296,0.315,0.267,0.038,0.217,0.101,0.136,0.193,0.219,0.260,0.312,0.363,0.317,0.325,0.271,0.038,0.221,0.086,0.100,0.143,0.153,0.252,0.260,0.329,0.320,0.316,0.273,0.039,0.213,0.072,0.073,0.113,0.115,0.207,0.220,0.315,0.314,0.295,0.264,0.038,0.185,0.061,0.067,0.156,0.081,0.159,0.152,0.306,0.292,0.265,0.248,0.038,0.206,0.056,0.088,0.068,0.071,0.104,0.111,0.237,0.248,0.269,0.243
7:59:10,37.0,0.038,0.211,0.158,0.208,0.260,0.258,0.342,0.298,0.351,0.351,0.293,0.319,0.038,0.254,0.169,0.157,0.239,0.247,0.279,0.344,0.367,0.301,0.324,0.297,0.037,0.212,0.097,0.152,0.248,0.229,0.347,0.344,0.361,0.319,0.342,0.289,0.038,0.236,0.107,0.145,0.207,0.236,0.277,0.338,0.395,0.340,0.354,0.293,0.038,0.242,0.090,0.105,0.152,0.157,0.273,0.282,0.355,0.347,0.344,0.295,0.039,0.231,0.074,0.076,0.118,0.120,0.221,0.236,0.342,0.337,0.321,0.283,0.038,0.201,0.062,0.068,0.161,0.084,0.158,0.162,0.333,0.316,0.287,0.268,0.038,0.222,0.057,0.089,0.076,0.072,0.108,0.116,0.252,0.266,0.291,0.263
8:09:10,37.0,0.038,0.228,0.172,0.233,0.278,0.277,0.372,0.325,0.382,0.381,0.317,0.344,0.038,0.273,0.182,0.170,0.254,0.265,0.300,0.376,0.401,0.323,0.351,0.321,0.037,0.231,0.101,0.163,0.269,0.247,0.378,0.375,0.393,0.346,0.373,0.313,0.038,0.258,0.115,0.155,0.223,0.255,0.296,0.369,0.430,0.370,0.386,0.318,0.038,0.263,0.094,0.110,0.161,0.162,0.296,0.305,0.383,0.379,0.374,0.321,0.039,0.256,0.076,0.079,0.123,0.126,0.237,0.254,0.372,0.367,0.348,0.306,0.038,0.218,0.063,0.069,0.167,0.086,0.167,0.171,0.358,0.343,0.312,0.289,0.038,0.237,0.057,0.089,0.072,0.073,0.113,0.121,0.271,0.287,0.315,0.284
8:19:10,37.1,0.038,0.247,0.188,0.255,0.297,0.297,0.405,0.352,0.414,0.414,0.342,0.372,0.039,0.294,0.196,0.182,0.271,0.284,0.325,0.410,0.437,0.347,0.383,0.349,0.037,0.252,0.104,0.175,0.291,0.266,0.411,0.409,0.429,0.376,0.406,0.340,0.038,0.285,0.125,0.165,0.242,0.273,0.318,0.402,0.469,0.403,0.420,0.345,0.038,0.292,0.100,0.115,0.170,0.183,0.320,0.331,0.415,0.411,0.406,0.347,0.039,0.276,0.079,0.083,0.129,0.132,0.255,0.274,0.404,0.398,0.378,0.330,0.038,0.244,0.064,0.070,0.164,0.089,0.178,0.182,0.388,0.371,0.338,0.313,0.038,0.254,0.058,0.090,0.073,0.074,0.117,0.126,0.292,0.310,0.340,0.307
8:29:10,37.0,0.038,0.268,0.205,0.280,0.319,0.318,0.440,0.384,0.449,0.448,0.372,0.404,0.038,0.315,0.211,0.194,0.288,0.304,0.352,0.447,0.474,0.374,0.417,0.378,0.037,0.275,0.109,0.188,0.313,0.287,0.447,0.446,0.467,0.408,0.441,0.368,0.038,0.313,0.137,0.176,0.260,0.294,0.342,0.438,0.510,0.439,0.458,0.374,0.038,0.315,0.105,0.120,0.180,0.193,0.347,0.359,0.452,0.447,0.441,0.376,0.039,0.298,0.082,0.087,0.135,0.137,0.274,0.294,0.438,0.432,0.410,0.358,0.038,0.267,0.064,0.071,0.165,0.092,0.189,0.193,0.419,0.402,0.366,0.338,0.038,0.267,0.058,0.090,0.072,0.075,0.122,0.132,0.314,0.334,0.368,0.332
8:39:10,37.0,0.038,0.301,0.226,0.296,0.342,0.340,0.478,0.418,0.487,0.486,0.402,0.437,0.039,0.339,0.230,0.208,0.307,0.327,0.382,0.487,0.515,0.403,0.454,0.411,0.037,0.300,0.115,0.201,0.338,0.309,0.487,0.486,0.508,0.445,0.480,0.400,0.038,0.339,0.148,0.187,0.280,0.318,0.368,0.478,0.556,0.482,0.497,0.406,0.038,0.339,0.111,0.127,0.191,0.205,0.377,0.389,0.491,0.486,0.479,0.406,0.039,0.320,0.085,0.091,0.141,0.144,0.295,0.318,0.475,0.469,0.445,0.388,0.038,0.289,0.065,0.072,0.167,0.095,0.202,0.206,0.454,0.436,0.397,0.367,0.038,0.286,0.059,0.089,0.076,0.076,0.127,0.138,0.339,0.360,0.397,0.359
8:49:10,37.0,0.038,0.322,0.249,0.325,0.367,0.365,0.517,0.455,0.526,0.527,0.434,0.474,0.038,0.363,0.246,0.224,0.328,0.351,0.416,0.530,0.558,0.435,0.493,0.445,0.037,0.338,0.122,0.218,0.365,0.312,0.529,0.529,0.551,0.482,0.521,0.433,0.038,0.363,0.161,0.202,0.299,0.344,0.398,0.519,0.604,0.519,0.540,0.439,0.038,0.365,0.118,0.133,0.202,0.220,0.408,0.422,0.533,0.527,0.520,0.440,0.039,0.342,0.089,0.096,0.148,0.152,0.317,0.344,0.515,0.509,0.482,0.420,0.038,0.308,0.066,0.074,0.173,0.098,0.220,0.220,0.490,0.470,0.430,0.396,0.038,0.303,0.059,0.091,0.076,0.077,0.133,0.145,0.365,0.388,0.430,0.388
8:59:10,37.0,0.038,0.345,0.279,0.345,0.394,0.392,0.561,0.494,0.569,0.569,0.471,0.513,0.039,0.390,0.262,0.241,0.351,0.375,0.453,0.575,0.605,0.466,0.536,0.482,0.037,0.370,0.131,0.233,0.398,0.334,0.574,0.575,0.598,0.524,0.564,0.470,0.038,0.388,0.174,0.215,0.321,0.373,0.431,0.565,0.653,0.565,0.585,0.476,0.038,0.390,0.125,0.140,0.215,0.234,0.443,0.458,0.579,0.572,0.563,0.477,0.039,0.366,0.093,0.101,0.156,0.160,0.343,0.371,0.557,0.550,0.523,0.454,0.038,0.330,0.067,0.076,0.173,0.102,0.239,0.234,0.529,0.508,0.465,0.428,0.038,0.325,0.059,0.091,0.078,0.078,0.139,0.152,0.393,0.419,0.464,0.419
9:09:10,37.0,0.038,0.369,0.319,0.368,0.422,0.420,0.606,0.536,0.614,0.613,0.509,0.552,0.038,0.420,0.280,0.262,0.375,0.402,0.492,0.623,0.655,0.501,0.581,0.521,0.037,0.399,0.143,0.248,0.431,0.357,0.622,0.622,0.648,0.568,0.611,0.509,0.038,0.415,0.189,0.229,0.346,0.403,0.466,0.612,0.708,0.612,0.631,0.514,0.038,0.418,0.132,0.148,0.230,0.250,0.480,0.496,0.626,0.619,0.608,0.514,0.039,0.390,0.098,0.105,0.163,0.168,0.370,0.401,0.603,0.595,0.566,0.490,0.038,0.352,0.068,0.077,0.177,0.105,0.256,0.251,0.570,0.547,0.502,0.463,0.038,0.349,0.060,0.093,0.078,0.080,0.146,0.159,0.423,0.450,0.499,0.453
9:19:10,37.1,0.038,0.400,0.363,0.395,0.452,0.451,0.653,0.581,0.660,0.660,0.552,0.596,0.039,0.453,0.302,0.283,0.402,0.430,0.534,0.672,0.705,0.538,0.628,0.564,0.037,0.427,0.156,0.265,0.465,0.382,0.672,0.672,0.699,0.614,0.659,0.549,0.038,0.444,0.203,0.244,0.372,0.436,0.505,0.662,0.760,0.662,0.681,0.556,0.038,0.448,0.141,0.157,0.245,0.267,0.520,0.537,0.676,0.668,0.656,0.556,0.039,0.418,0.102,0.110,0.172,0.178,0.399,0.433,0.650,0.644,0.610,0.530,0.038,0.378,0.070,0.080,0.184,0.109,0.272,0.269,0.613,0.590,0.542,0.500,0.038,0.370,0.060,0.090,0.078,0.082,0.153,0.168,0.455,0.485,0.539,0.488
9:29:10,37.0,0.038,0.426,0.392,0.421,0.483,0.483,0.703,0.629,0.709,0.709,0.597,0.642,0.038,0.489,0.318,0.306,0.429,0.459,0.578,0.724,0.757,0.577,0.678,0.608,0.037,0.457,0.174,0.283,0.502,0.408,0.724,0.724,0.752,0.663,0.710,0.593,0.038,0.474,0.217,0.259,0.403,0.471,0.546,0.713,0.816,0.714,0.732,0.599,0.038,0.478,0.149,0.166,0.262,0.284,0.562,0.580,0.730,0.720,0.705,0.599,0.039,0.448,0.107,0.114,0.181,0.188,0.431,0.468,0.699,0.692,0.656,0.572,0.038,0.403,0.071,0.082,0.197,0.113,0.291,0.287,0.659,0.634,0.584,0.539,0.038,0.394,0.061,0.092,0.081,0.084,0.160,0.176,0.489,0.521,0.580,0.526
9:39:10,37.1,0.038,0.455,0.417,0.450,0.517,0.517,0.754,0.679,0.758,0.759,0.644,0.689,0.038,0.529,0.339,0.329,0.459,0.492,0.628,0.777,0.811,0.619,0.729,0.655,0.037,0.487,0.192,0.302,0.542,0.436,0.779,0.778,0.806,0.715,0.762,0.639,0.038,0.507,0.233,0.277,0.434,0.510,0.591,0.767,0.870,0.771,0.783,0.645,0.038,0.512,0.158,0.175,0.280,0.304,0.607,0.625,0.783,0.772,0.756,0.644,0.039,0.479,0.113,0.120,0.192,0.199,0.464,0.504,0.750,0.740,0.705,0.618,0.038,0.435,0.073,0.084,0.199,0.117,0.309,0.308,0.706,0.681,0.628,0.581,0.038,0.420,0.061,0.094,0.080,0.085,0.168,0.185,0.525,0.559,0.622,0.566
9:49:10,37.0,0.038,0.485,0.445,0.481,0.553,0.553,0.804,0.730,0.808,0.809,0.693,0.740,0.038,0.573,0.361,0.353,0.490,0.526,0.678,0.830,0.863,0.663,0.782,0.704,0.037,0.521,0.211,0.322,0.583,0.465,0.833,0.830,0.860,0.768,0.814,0.687,0.038,0.541,0.252,0.295,0.466,0.550,0.638,0.820,0.923,0.821,0.835,0.692,0.038,0.550,0.167,0.185,0.299,0.326,0.653,0.674,0.838,0.826,0.808,0.692,0.039,0.514,0.118,0.126,0.202,0.210,0.500,0.543,0.802,0.794,0.755,0.662,0.038,0.459,0.075,0.086,0.208,0.123,0.331,0.330,0.755,0.729,0.675,0.625,0.038,0.449,0.062,0.094,0.081,0.086,0.178,0.196,0.563,0.600,0.666,0.609
9:59:10,37.0,0.038,0.518,0.473,0.512,0.591,0.591,0.852,0.781,0.857,0.858,0.743,0.788,0.038,0.618,0.385,0.376,0.522,0.562,0.730,0.880,0.914,0.708,0.834,0.753,0.037,0.556,0.236,0.344,0.628,0.496,0.884,0.881,0.911,0.822,0.865,0.736,0.038,0.577,0.270,0.315,0.503,0.593,0.688,0.871,0.974,0.873,0.885,0.742,0.038,0.585,0.177,0.201,0.319,0.348,0.703,0.723,0.889,0.876,0.859,0.741,0.039,0.547,0.124,0.134,0.215,0.223,0.538,0.585,0.852,0.843,0.805,0.709,0.038,0.490,0.077,0.088,0.214,0.126,0.353,0.354,0.804,0.777,0.721,0.671,0.038,0.477,0.062,0.094,0.084,0.090,0.186,0.206,0.603,0.642,0.711,0.653
10:09:10,36.9,0.038,0.552,0.502,0.548,0.630,0.631,0.900,0.831,0.905,0.906,0.795,0.837,0.038,0.666,0.410,0.400,0.557,0.599,0.784,0.929,0.964,0.756,0.885,0.804,0.037,0.592,0.258,0.368,0.675,0.529,0.934,0.930,0.961,0.874,0.915,0.787,0.038,0.617,0.289,0.336,0.542,0.638,0.740,0.921,1.022,0.924,0.934,0.791,0.038,0.625,0.189,0.208,0.342,0.373,0.753,0.774,0.941,0.926,0.907,0.790,0.039,0.583,0.130,0.140,0.228,0.237,0.580,0.628,0.902,0.892,0.855,0.757,0.038,0.524,0.080,0.091,0.218,0.132,0.378,0.380,0.853,0.827,0.770,0.717,0.038,0.510,0.063,0.095,0.084,0.089,0.196,0.219,0.645,0.687,0.758,0.698
10:19:10,37.1,0.038,0.589,0.534,0.583,0.671,0.671,0.946,0.879,0.951,0.953,0.845,0.884,0.038,0.716,0.436,0.426,0.594,0.639,0.837,0.977,1.013,0.805,0.934,0.853,0.037,0.632,0.288,0.393,0.724,0.564,0.983,0.978,1.011,0.924,0.964,0.836,0.038,0.658,0.308,0.359,0.584,0.686,0.793,0.971,1.069,0.975,0.983,0.840,0.038,0.665,0.202,0.222,0.367,0.401,0.805,0.826,0.989,0.974,0.954,0.839,0.039,0.622,0.137,0.147,0.241,0.251,0.622,0.674,0.949,0.941,0.903,0.807,0.038,0.558,0.083,0.093,0.224,0.137,0.404,0.407,0.900,0.873,0.818,0.764,0.038,0.543,0.063,0.096,0.086,0.090,0.207,0.231,0.689,0.732,0.802,0.743
10:29:10,37.0,0.038,0.625,0.567,0.622,0.714,0.713,0.992,0.926,0.998,0.998,0.893,0.930,0.038,0.767,0.464,0.453,0.633,0.679,0.887,1.024,1.061,0.855,0.983,0.901,0.037,0.674,0.314,0.419,0.774,0.601,1.030,1.024,1.059,0.974,1.011,0.883,0.038,0.698,0.328,0.384,0.628,0.735,0.846,1.016,1.115,1.022,1.030,0.887,0.038,0.708,0.214,0.233,0.393,0.428,0.855,0.875,1.037,1.020,1.000,0.885,0.039,0.663,0.145,0.155,0.255,0.268,0.667,0.722,0.996,0.986,0.951,0.854,0.038,0.595,0.085,0.093,0.228,0.143,0.431,0.436,0.944,0.918,0.865,0.811,0.038,0.578,0.064,0.097,0.090,0.092,0.218,0.244,0.733,0.777,0.846,0.787
10:39:10,37.0,0.038,0.665,0.602,0.660,0.759,0.757,1.037,0.972,1.042,1.044,0.940,0.976,0.038,0.819,0.494,0.482,0.673,0.723,0.935,1.071,1.109,0.905,1.031,0.947,0.037,0.715,0.338,0.447,0.824,0.639,1.075,1.071,1.108,1.023,1.058,0.929,0.038,0.741,0.348,0.411,0.674,0.786,0.896,1.063,1.160,1.071,1.077,0.933,0.038,0.752,0.226,0.250,0.421,0.459,0.903,0.921,1.086,1.068,1.047,0.931,0.039,0.705,0.152,0.161,0.272,0.284,0.713,0.769,1.041,1.031,0.995,0.899,0.038,0.633,0.088,0.096,0.235,0.149,0.461,0.467,0.989,0.963,0.908,0.856,0.038,0.618,0.064,0.093,0.094,0.094,0.231,0.258,0.777,0.821,0.888,0.829
10:49:10,37.0,0.038,0.706,0.638,0.701,0.804,0.801,1.082,1.019,1.088,1.089,0.986,1.021,0.039,0.868,0.526,0.512,0.716,0.767,0.983,1.119,1.156,0.954,1.080,0.993,0.037,0.758,0.363,0.477,0.872,0.679,1.121,1.119,1.158,1.070,1.105,0.975,0.038,0.786,0.370,0.440,0.723,0.836,0.944,1.112,1.203,1.120,1.125,0.978,0.038,0.798,0.240,0.265,0.452,0.492,0.948,0.966,1.135,1.116,1.094,0.975,0.039,0.748,0.160,0.169,0.290,0.303,0.761,0.819,1.088,1.077,1.040,0.944,0.038,0.673,0.092,0.096,0.242,0.156,0.492,0.500,1.033,1.008,0.953,0.900,0.039,0.659,0.065,0.091,0.092,0.096,0.244,0.273,0.820,0.865,0.931,0.871
10:59:10,37.0,0.038,0.747,0.676,0.745,0.850,0.846,1.128,1.065,1.134,1.135,1.032,1.065,0.038,0.916,0.558,0.543,0.759,0.812,1.030,1.165,1.202,1.003,1.128,1.039,0.037,0.803,0.390,0.508,0.918,0.721,1.168,1.168,1.208,1.120,1.154,1.020,0.038,0.832,0.393,0.470,0.771,0.885,0.992,1.159,1.245,1.171,1.174,1.022,0.038,0.844,0.255,0.282,0.483,0.526,0.992,1.010,1.184,1.165,1.142,1.018,0.039,0.793,0.167,0.177,0.308,0.323,0.810,0.867,1.134,1.124,1.086,0.987,0.038,0.715,0.095,0.098,0.250,0.163,0.525,0.535,1.077,1.052,0.997,0.944,0.038,0.699,0.065,0.089,0.093,0.098,0.258,0.289,0.861,0.906,0.972,0.911
11:09:10,37.0,0.038,0.788,0.716,0.781,0.897,0.892,1.173,1.112,1.178,1.180,1.078,1.111,0.038,0.963,0.593,0.577,0.804,0.858,1.078,1.211,1.245,1.052,1.177,1.084,0.037,0.848,0.418,0.541,0.963,0.763,1.214,1.214,1.254,1.169,1.202,1.064,0.038,0.879,0.417,0.503,0.822,0.929,1.038,1.206,1.285,1.220,1.222,1.067,0.038,0.890,0.271,0.299,0.517,0.562,1.037,1.055,1.231,1.212,1.189,1.063,0.039,0.838,0.176,0.187,0.328,0.344,0.859,0.914,1.180,1.171,1.131,1.029,0.038,0.757,0.098,0.107,0.258,0.170,0.560,0.572,1.121,1.096,1.041,0.987,0.038,0.741,0.066,0.089,0.094,0.100,0.273,0.307,0.903,0.948,1.014,0.953
11:19:10,37.0,0.038,0.830,0.756,0.827,0.943,0.938,1.216,1.157,1.222,1.224,1.124,1.156,0.038,1.008,0.629,0.611,0.852,0.905,1.125,1.253,1.287,1.102,1.223,1.130,0.037,0.893,0.448,0.575,1.007,0.820,1.257,1.257,1.296,1.218,1.249,1.108,0.038,0.925,0.443,0.538,0.870,0.974,1.086,1.250,1.323,1.266,1.268,1.110,0.038,0.938,0.288,0.318,0.553,0.601,1.084,1.101,1.275,1.257,1.235,1.106,0.039,0.884,0.184,0.201,0.349,0.367,0.906,0.957,1.225,1.215,1.177,1.073,0.038,0.800,0.102,0.105,0.266,0.178,0.597,0.610,1.165,1.138,1.085,1.029,0.038,0.786,0.066,0.085,0.097,0.102,0.289,0.325,0.943,0.989,1.056,0.994
11:29:10,37.0,0.038,0.873,0.798,0.869,0.989,0.984,1.253,1.202,1.259,1.263,1.171,1.201,0.038,1.053,0.666,0.648,0.898,0.951,1.173,1.291,1.326,1.150,1.269,1.175,0.037,0.940,0.479,0.616,1.053,0.869,1.296,1.296,1.336,1.264,1.292,1.153,0.038,0.972,0.470,0.577,0.916,1.017,1.134,1.290,1.356,1.309,1.312,1.155,0.038,0.985,0.306,0.339,0.592,0.642,1.129,1.147,1.316,1.299,1.280,1.151,0.039,0.930,0.197,0.209,0.373,0.392,0.947,1.000,1.270,1.259,1.223,1.116,0.038,0.845,0.106,0.113,0.275,0.187,0.635,0.650,1.207,1.181,1.129,1.072,0.038,0.835,0.067,0.092,0.098,0.104,0.306,0.345,0.983,1.030,1.097,1.034
11:39:10,37.0,0.038,0.918,0.839,0.912,1.033,1.030,1.284,1.242,1.292,1.296,1.216,1.244,0.038,1.097,0.706,0.686,0.945,0.998,1.217,1.326,1.362,1.197,1.310,1.218,0.037,0.983,0.509,0.650,1.096,0.915,1.334,1.334,1.373,1.306,1.331,1.197,0.038,1.019,0.499,0.618,0.961,1.062,1.182,1.329,1.380,1.347,1.349,1.198,0.038,1.031,0.326,0.362,0.632,0.684,1.175,1.191,1.353,1.337,1.320,1.194,0.039,0.975,0.204,0.219,0.397,0.417,0.989,1.042,1.311,1.299,1.268,1.160,0.038,0.888,0.110,0.115,0.285,0.196,0.675,0.692,1.249,1.222,1.172,1.115,0.038,0.879,0.067,0.090,0.100,0.106,0.324,0.365,1.023,1.069,1.137,1.075
11:49:10,37.0,0.038,0.963,0.882,0.956,1.077,1.074,1.317,1.275,1.327,1.330,1.260,1.280,0.038,1.140,0.745,0.724,0.990,1.044,1.258,1.361,1.396,1.242,1.347,1.260,0.037,1.029,0.540,0.691,1.141,0.961,1.370,1.369,1.408,1.344,1.367,1.240,0.038,1.063,0.529,0.661,1.004,1.107,1.229,1.365,1.402,1.383,1.384,1.242,0.038,1.078,0.347,0.382,0.674,0.728,1.219,1.234,1.388,1.372,1.354,1.237,0.039,1.021,0.218,0.229,0.423,0.445,1.032,1.086,1.346,1.334,1.309,1.202,0.038,0.933,0.113,0.121,0.295,0.205,0.716,0.735,1.289,1.266,1.216,1.157,0.038,0.925,0.069,0.094,0.103,0.109,0.343,0.388,1.062,1.110,1.178,1.114
11:59:10,37.1,0.038,1.007,0.924,1.000,1.118,1.116,1.349,1.308,1.347,1.351,1.297,1.311,0.038,1.184,0.787,0.764,1.035,1.089,1.296,1.393,1.423,1.285,1.381,1.293,0.037,1.074,0.572,0.729,1.184,1.006,1.404,1.403,1.438,1.381,1.399,1.273,0.038,1.104,0.561,0.707,1.049,1.153,1.272,1.399,1.405,1.416,1.415,1.275,0.038,1.122,0.369,0.406,0.717,0.773,1.260,1.275,1.419,1.405,1.387,1.272,0.039,1.066,0.225,0.242,0.451,0.474,1.075,1.129,1.378,1.367,1.343,1.238,0.038,0.976,0.117,0.122,0.305,0.215,0.759,0.779,1.322,1.298,1.258,1.196,0.038,0.969,0.069,0.095,0.105,0.111,0.364,0.411,1.102,1.149,1.207,1.145
12:09:10,37.1,0.038,1.048,0.967,1.043,1.159,1.159,1.365,1.341,1.370,1.373,1.328,1.342,0.038,1.226,0.828,0.804,1.079,1.134,1.332,1.420,1.434,1.321,1.414,1.326,0.037,1.115,0.604,0.771,1.226,1.049,1.433,1.431,1.454,1.414,1.430,1.304,0.038,1.144,0.595,0.753,1.093,1.196,1.311,1.430,1.404,1.444,1.441,1.306,0.038,1.164,0.393,0.432,0.762,0.819,1.299,1.312,1.445,1.432,1.416,1.302,0.039,1.111,0.240,0.256,0.480,0.505,1.118,1.172,1.405,1.395,1.374,1.269,0.038,1.022,0.120,0.127,0.316,0.226,0.802,0.824,1.350,1.328,1.290,1.225,0.038,1.012,0.070,0.100,0.107,0.114,0.385,0.435,1.139,1.187,1.233,1.172
12:19:10,37.0,0.038,1.087,1.008,1.085,1.197,1.193,1.382,1.360,1.389,1.392,1.361,1.361,0.038,1.266,0.869,0.846,1.122,1.177,1.366,1.421,1.436,1.354,1.437,1.349,0.037,1.152,0.637,0.813,1.266,1.092,1.455,1.444,1.452,1.442,1.443,1.329,0.038,1.181,0.627,0.800,1.138,1.238,1.347,1.453,1.407,1.458,1.453,1.331,0.038,1.200,0.422,0.461,0.808,0.863,1.333,1.345,1.445,1.445,1.430,1.327,0.039,1.156,0.254,0.268,0.512,0.538,1.161,1.214,1.421,1.413,1.396,1.296,0.038,1.067,0.126,0.123,0.328,0.238,0.845,0.866,1.375,1.355,1.318,1.252,0.038,1.053,0.071,0.097,0.110,0.117,0.408,0.461,1.174,1.215,1.259,1.200
12:29:10,37.0,0.038,1.126,1.049,1.126,1.231,1.221,1.385,1.379,1.394,1.398,1.379,1.383,0.038,1.299,0.911,0.888,1.163,1.218,1.398,1.426,1.443,1.386,1.445,1.371,0.037,1.188,0.671,0.855,1.299,1.132,1.455,1.450,1.457,1.453,1.446,1.353,0.038,1.216,0.666,0.843,1.181,1.279,1.381,1.455,1.409,1.454,1.454,1.355,0.038,1.234,0.446,0.490,0.852,0.905,1.365,1.377,1.447,1.446,1.438,1.351,0.039,1.198,0.267,0.283,0.545,0.573,1.202,1.254,1.437,1.430,1.415,1.321,0.038,1.108,0.128,0.126,0.343,0.251,0.886,0.906,1.394,1.376,1.339,1.278,0.038,1.094,0.072,0.096,0.112,0.120,0.432,0.488,1.198,1.240,1.283,1.227
12:39:10,37.1,0.038,1.165,1.089,1.167,1.254,1.244,1.390,1.384,1.399,1.403,1.401,1.402,0.038,1.330,0.954,0.930,1.203,1.251,1.422,1.428,1.448,1.416,1.450,1.391,0.037,1.221,0.707,0.900,1.333,1.169,1.459,1.452,1.462,1.452,1.453,1.374,0.038,1.249,0.701,0.883,1.224,1.314,1.414,1.459,1.412,1.459,1.460,1.376,0.038,1.267,0.475,0.524,0.895,0.944,1.396,1.407,1.452,1.450,1.444,1.372,0.039,1.239,0.282,0.300,0.580,0.609,1.242,1.290,1.437,1.432,1.432,1.343,0.038,1.151,0.133,0.130,0.356,0.264,0.923,0.945,1.413,1.395,1.362,1.303,0.038,1.133,0.073,0.086,0.115,0.123,0.457,0.516,1.220,1.264,1.306,1.251
12:49:10,37.0,0.038,1.181,1.122,1.186,1.278,1.271,1.393,1.389,1.404,1.408,1.417,1.405,0.038,1.355,0.995,0.974,1.236,1.282,1.422,1.435,1.453,1.427,1.457,1.401,0.037,1.254,0.748,0.944,1.361,1.204,1.462,1.458,1.466,1.457,1.459,1.389,0.038,1.281,0.741,0.926,1.264,1.347,1.440,1.464,1.415,1.465,1.466,1.392,0.038,1.298,0.504,0.556,0.936,0.984,1.423,1.433,1.459,1.456,1.451,1.389,0.039,1.270,0.299,0.317,0.616,0.646,1.279,1.320,1.443,1.437,1.435,1.362,0.038,1.192,0.138,0.134,0.370,0.278,0.960,0.983,1.421,1.411,1.382,1.325,0.038,1.173,0.075,0.083,0.118,0.126,0.484,0.545,1.246,1.289,1.324,1.273
12:59:10,37.1,0.038,1.209,1.139,1.210,1.301,1.295,1.396,1.393,1.411,1.415,1.420,1.411,0.038,1.376,1.037,1.016,1.267,1.313,1.426,1.442,1.456,1.427,1.464,1.407,0.037,1.284,0.788,0.987,1.388,1.237,1.467,1.464,1.469,1.464,1.466,1.392,0.038,1.305,0.780,0.970,1.298,1.375,1.449,1.470,1.416,1.470,1.474,1.395,0.038,1.319,0.535,0.591,0.975,1.024,1.443,1.440,1.463,1.462,1.457,1.394,0.039,1.299,0.313,0.335,0.654,0.686,1.309,1.350,1.450,1.444,1.440,1.372,0.038,1.225,0.142,0.138,0.380,0.293,0.999,1.023,1.425,1.413,1.392,1.343,0.038,1.211,0.077,0.095,0.121,0.129,0.512,0.577,1.268,1.310,1.338,1.289
13:09:10,37.1,0.038,1.234,1.168,1.236,1.321,1.313,1.402,1.397,1.417,1.422,1.427,1.419,0.038,1.395,1.077,1.057,1.295,1.331,1.428,1.454,1.458,1.434,1.469,1.414,0.037,1.303,0.827,1.030,1.400,1.270,1.472,1.470,1.476,1.469,1.470,1.398,0.038,1.321,0.823,1.012,1.330,1.402,1.456,1.475,1.419,1.474,1.478,1.401,0.038,1.342,0.570,0.629,1.014,1.065,1.446,1.449,1.466,1.465,1.463,1.399,0.039,1.321,0.329,0.356,0.693,0.726,1.340,1.379,1.456,1.451,1.448,1.376,0.038,1.253,0.146,0.142,0.402,0.309,1.037,1.060,1.429,1.417,1.398,1.352,0.038,1.241,0.079,0.087,0.124,0.133,0.540,0.608,1.289,1.329,1.341,1.302
13:19:10,37.0,0.038,1.261,1.196,1.261,1.335,1.328,1.407,1.403,1.420,1.424,1.434,1.426,0.038,1.407,1.117,1.096,1.314,1.351,1.432,1.463,1.461,1.440,1.472,1.422,0.037,1.321,0.868,1.074,1.404,1.298,1.476,1.480,1.483,1.472,1.474,1.404,0.038,1.341,0.859,1.055,1.359,1.427,1.460,1.484,1.421,1.477,1.482,1.407,0.038,1.360,0.606,0.668,1.054,1.106,1.450,1.451,1.470,1.469,1.467,1.404,0.039,1.345,0.347,0.376,0.734,0.767,1.368,1.403,1.460,1.454,1.454,1.380,0.038,1.277,0.151,0.147,0.419,0.325,1.075,1.099,1.436,1.423,1.403,1.355,0.038,1.269,0.080,0.093,0.127,0.136,0.571,0.641,1.305,1.343,1.345,1.304
13:29:10,37.0,0.037,1.282,1.219,1.280,1.336,1.327,1.413,1.409,1.422,1.426,1.440,1.431,0.038,1.408,1.154,1.134,1.335,1.371,1.437,1.473,1.464,1.446,1.475,1.428,0.037,1.335,0.907,1.114,1.410,1.328,1.480,1.495,1.487,1.474,1.478,1.411,0.038,1.351,0.901,1.094,1.385,1.426,1.466,1.498,1.423,1.480,1.486,1.413,0.038,1.375,0.645,0.708,1.095,1.146,1.454,1.458,1.478,1.472,1.471,1.411,0.039,1.365,0.366,0.398,0.776,0.809,1.393,1.414,1.462,1.457,1.458,1.386,0.038,1.303,0.157,0.151,0.432,0.344,1.113,1.137,1.441,1.429,1.410,1.359,0.038,1.290,0.081,0.091,0.131,0.140,0.602,0.675,1.308,1.345,1.348,1.306
13:39:10,37.0,0.038,1.299,1.240,1.296,1.340,1.331,1.417,1.413,1.425,1.429,1.445,1.434,0.038,1.411,1.184,1.167,1.353,1.380,1.445,1.475,1.469,1.449,1.480,1.432,0.037,1.346,0.947,1.150,1.417,1.353,1.487,1.500,1.492,1.479,1.482,1.416,0.038,1.349,0.942,1.133,1.408,1.429,1.476,1.503,1.423,1.486,1.492,1.419,0.038,1.371,0.685,0.750,1.134,1.185,1.461,1.468,1.484,1.476,1.476,1.417,0.039,1.382,0.387,0.421,0.818,0.851,1.409,1.415,1.466,1.461,1.462,1.393,0.038,1.326,0.163,0.157,0.457,0.363,1.150,1.174,1.445,1.434,1.416,1.365,0.038,1.315,0.082,0.100,0.137,0.144,0.634,0.709,1.313,1.349,1.352,1.309
13:49:10,37.1,0.038,1.311,1.254,1.299,1.345,1.336,1.419,1.414,1.428,1.432,1.448,1.442,0.038,1.416,1.208,1.197,1.360,1.384,1.454,1.479,1.474,1.452,1.491,1.438,0.037,1.345,0.985,1.184,1.424,1.375,1.502,1.506,1.497,1.488,1.492,1.420,0.038,1.352,0.983,1.168,1.405,1.435,1.484,1.509,1.423,1.493,1.501,1.423,0.038,1.373,0.727,0.795,1.174,1.224,1.468,1.478,1.493,1.480,1.488,1.422,0.039,1.383,0.411,0.446,0.861,0.891,1.407,1.421,1.470,1.468,1.466,1.398,0.038,1.345,0.168,0.162,0.472,0.382,1.187,1.211,1.447,1.437,1.421,1.370,0.038,1.335,0.083,0.102,0.138,0.148,0.667,0.745,1.315,1.351,1.359,1.313
13:59:10,37.0,0.037,1.316,1.266,1.301,1.349,1.338,1.421,1.417,1.436,1.440,1.452,1.453,0.038,1.421,1.231,1.219,1.366,1.391,1.462,1.483,1.482,1.459,1.505,1.446,0.037,1.347,1.020,1.215,1.428,1.373,1.512,1.511,1.509,1.494,1.510,1.425,0.038,1.354,1.023,1.201,1.411,1.440,1.495,1.514,1.423,1.498,1.520,1.427,0.038,1.376,0.767,0.839,1.210,1.259,1.476,1.484,1.507,1.491,1.499,1.424,0.039,1.385,0.436,0.472,0.901,0.928,1.413,1.426,1.479,1.482,1.476,1.402,0.038,1.359,0.175,0.168,0.498,0.403,1.221,1.243,1.450,1.440,1.424,1.376,0.038,1.351,0.084,0.105,0.144,0.152,0.701,0.779,1.321,1.355,1.362,1.317
14:09:10,37.0,0.038,1.317,1.271,1.305,1.355,1.343,1.426,1.421,1.447,1.452,1.461,1.458,0.038,1.426,1.258,1.243,1.373,1.396,1.474,1.490,1.500,1.473,1.510,1.455,0.037,1.349,1.054,1.245,1.433,1.373,1.518,1.516,1.530,1.510,1.515,1.432,0.038,1.359,1.062,1.232,1.418,1.444,1.497,1.520,1.425,1.508,1.523,1.431,0.038,1.380,0.807,0.881,1.247,1.291,1.489,1.486,1.514,1.505,1.503,1.428,0.039,1.387,0.460,0.499,0.938,0.965,1.417,1.435,1.495,1.488,1.488,1.405,0.038,1.361,0.181,0.174,0.521,0.425,1.255,1.268,1.453,1.445,1.429,1.380,0.038,1.362,0.085,0.106,0.145,0.158,0.735,0.813,1.327,1.359,1.366,1.321
14:19:10,37.0,0.038,1.320,1.271,1.308,1.359,1.347,1.428,1.423,1.451,1.456,1.471,1.461,0.038,1.429,1.281,1.267,1.380,1.402,1.475,1.495,1.514,1.477,1.515,1.458,0.037,1.352,1.086,1.273,1.436,1.375,1.523,1.522,1.536,1.520,1.520,1.442,0.038,1.360,1.099,1.261,1.423,1.449,1.502,1.525,1.428,1.526,1.527,1.441,0.038,1.383,0.842,0.917,1.279,1.318,1.490,1.489,1.518,1.511,1.506,1.436,0.039,1.391,0.488,0.529,0.975,1.002,1.424,1.444,1.500,1.492,1.492,1.409,0.038,1.363,0.188,0.180,0.546,0.449,1.280,1.293,1.461,1.455,1.439,1.382,0.038,1.362,0.086,0.110,0.149,0.162,0.768,0.848,1.331,1.365,1.367,1.325
14:29:10,37.1,0.038,1.324,1.273,1.312,1.362,1.351,1.430,1.425,1.454,1.460,1.475,1.463,0.038,1.431,1.302,1.289,1.387,1.407,1.478,1.499,1.519,1.483,1.521,1.462,0.037,1.353,1.118,1.299,1.442,1.379,1.529,1.528,1.541,1.525,1.526,1.444,0.038,1.362,1.133,1.287,1.427,1.454,1.507,1.532,1.429,1.531,1.532,1.448,0.038,1.386,0.874,0.952,1.306,1.345,1.494,1.492,1.522,1.516,1.512,1.443,0.039,1.395,0.514,0.559,1.012,1.039,1.433,1.445,1.506,1.497,1.496,1.418,0.038,1.366,0.195,0.187,0.571,0.474,1.301,1.316,1.476,1.463,1.444,1.385,0.038,1.365,0.091,0.112,0.154,0.167,0.802,0.880,1.333,1.367,1.369,1.328
14:39:10,37.0,0.038,1.327,1.275,1.316,1.364,1.352,1.433,1.427,1.458,1.464,1.478,1.466,0.038,1.433,1.320,1.306,1.391,1.410,1.483,1.503,1.526,1.487,1.526,1.464,0.037,1.354,1.138,1.316,1.447,1.382,1.534,1.535,1.545,1.528,1.532,1.450,0.038,1.363,1.164,1.312,1.431,1.460,1.511,1.539,1.431,1.536,1.538,1.453,0.038,1.387,0.910,0.988,1.333,1.370,1.501,1.499,1.527,1.521,1.516,1.446,0.039,1.399,0.544,0.591,1.049,1.076,1.443,1.452,1.510,1.501,1.499,1.423,0.038,1.370,0.204,0.194,0.590,0.499,1.325,1.334,1.480,1.465,1.448,1.387,0.038,1.369,0.092,0.112,0.159,0.172,0.835,0.912,1.337,1.369,1.371,1.331
14:49:10,37.0,0.038,1.329,1.277,1.319,1.367,1.354,1.437,1.429,1.462,1.468,1.482,1.470,0.038,1.436,1.328,1.322,1.394,1.414,1.487,1.507,1.532,1.492,1.531,1.467,0.037,1.355,1.164,1.328,1.460,1.384,1.542,1.541,1.551,1.533,1.538,1.452,0.038,1.363,1.196,1.332,1.438,1.468,1.517,1.547,1.435,1.542,1.544,1.457,0.038,1.388,0.946,1.024,1.356,1.390,1.506,1.504,1.532,1.527,1.521,1.450,0.039,1.402,0.574,0.624,1.085,1.114,1.444,1.454,1.515,1.506,1.504,1.426,0.038,1.373,0.211,0.202,0.624,0.526,1.344,1.353,1.484,1.467,1.450,1.391,0.038,1.374,0.094,0.115,0.163,0.177,0.867,0.941,1.347,1.370,1.373,1.333
14:59:10,37.0,0.038,1.332,1.277,1.322,1.369,1.355,1.441,1.433,1.467,1.473,1.485,1.474,0.038,1.438,1.332,1.327,1.397,1.417,1.494,1.512,1.540,1.496,1.538,1.471,0.037,1.355,1.188,1.336,1.484,1.387,1.550,1.547,1.558,1.538,1.544,1.456,0.038,1.364,1.218,1.349,1.454,1.486,1.522,1.552,1.442,1.548,1.550,1.460,0.038,1.389,0.982,1.061,1.367,1.394,1.511,1.509,1.539,1.533,1.526,1.452,0.039,1.403,0.607,0.658,1.122,1.149,1.447,1.457,1.520,1.511,1.508,1.430,0.038,1.378,0.220,0.209,0.652,0.554,1.361,1.360,1.489,1.471,1.452,1.402,0.038,1.378,0.095,0.116,0.168,0.182,0.895,0.969,1.355,1.371,1.383,1.334
15:09:10,37.1,0.038,1.336,1.278,1.323,1.372,1.358,1.446,1.438,1.471,1.478,1.488,1.479,0.038,1.441,1.337,1.332,1.406,1.421,1.498,1.517,1.547,1.500,1.544,1.475,0.037,1.355,1.212,1.339,1.489,1.391,1.559,1.551,1.570,1.545,1.552,1.459,0.038,1.365,1.239,1.352,1.466,1.507,1.528,1.556,1.450,1.554,1.556,1.464,0.038,1.391,1.018,1.098,1.370,1.399,1.516,1.514,1.546,1.539,1.532,1.455,0.039,1.405,0.639,0.694,1.157,1.184,1.451,1.460,1.526,1.516,1.512,1.432,0.038,1.382,0.229,0.217,0.676,0.584,1.368,1.368,1.493,1.475,1.455,1.408,0.038,1.383,0.094,0.114,0.173,0.189,0.924,0.998,1.355,1.373,1.392,1.336
15:19:10,37.0,0.038,1.339,1.280,1.325,1.382,1.360,1.450,1.443,1.476,1.482,1.492,1.483,0.038,1.444,1.343,1.337,1.418,1.426,1.503,1.521,1.555,1.504,1.550,1.480,0.037,1.355,1.234,1.345,1.496,1.392,1.563,1.553,1.578,1.552,1.561,1.462,0.038,1.365,1.263,1.357,1.470,1.504,1.534,1.559,1.460,1.563,1.566,1.466,0.038,1.392,1.054,1.135,1.376,1.401,1.523,1.522,1.554,1.546,1.538,1.458,0.039,1.408,0.672,0.730,1.191,1.217,1.454,1.464,1.532,1.521,1.516,1.435,0.038,1.384,0.239,0.226,0.711,0.613,1.375,1.371,1.496,1.479,1.458,1.412,0.038,1.387,0.101,0.117,0.182,0.194,0.954,1.027,1.357,1.379,1.395,1.339
15:29:10,37.1,0.038,1.341,1.282,1.327,1.390,1.362,1.454,1.447,1.480,1.487,1.497,1.487,0.038,1.450,1.349,1.340,1.424,1.431,1.508,1.523,1.561,1.509,1.556,1.485,0.037,1.355,1.254,1.350,1.501,1.395,1.563,1.551,1.582,1.561,1.568,1.467,0.038,1.367,1.286,1.353,1.475,1.511,1.538,1.557,1.469,1.577,1.573,1.470,0.038,1.395,1.088,1.170,1.381,1.407,1.530,1.528,1.567,1.555,1.545,1.461,0.039,1.411,0.706,0.769,1.224,1.243,1.461,1.468,1.539,1.527,1.522,1.437,0.038,1.385,0.249,0.235,0.738,0.645,1.381,1.375,1.500,1.482,1.463,1.413,0.038,1.390,0.100,0.118,0.184,0.202,0.983,1.052,1.359,1.392,1.397,1.341
15:39:10,37.0,0.037,1.342,1.282,1.328,1.395,1.365,1.459,1.451,1.485,1.492,1.501,1.492,0.038,1.459,1.353,1.343,1.428,1.440,1.512,1.524,1.565,1.513,1.562,1.489,0.037,1.355,1.270,1.353,1.508,1.398,1.560,1.547,1.581,1.569,1.574,1.471,0.038,1.368,1.303,1.357,1.480,1.516,1.541,1.553,1.480,1.583,1.579,1.474,0.038,1.397,1.121,1.205,1.388,1.424,1.536,1.532,1.570,1.568,1.557,1.465,0.039,1.413,0.743,0.808,1.251,1.269,1.465,1.474,1.548,1.534,1.527,1.441,0.038,1.387,0.263,0.244,0.770,0.678,1.385,1.378,1.506,1.486,1.466,1.415,0.038,1.391,0.097,0.123,0.189,0.207,1.010,1.076,1.360,1.399,1.397,1.342
15:49:10,37.0,0.038,1.343,1.282,1.331,1.398,1.368,1.464,1.456,1.490,1.497,1.506,1.497,0.038,1.478,1.357,1.345,1.433,1.454,1.517,1.521,1.564,1.519,1.567,1.494,0.037,1.356,1.285,1.357,1.515,1.401,1.556,1.541,1.578,1.574,1.576,1.476,0.038,1.369,1.321,1.361,1.487,1.524,1.545,1.548,1.491,1.585,1.581,1.478,0.038,1.398,1.151,1.239,1.397,1.430,1.539,1.535,1.568,1.572,1.562,1.468,0.039,1.416,0.781,0.845,1.276,1.292,1.471,1.480,1.559,1.546,1.534,1.444,0.038,1.388,0.275,0.255,0.803,0.712,1.393,1.383,1.511,1.490,1.470,1.418,0.038,1.392,0.097,0.122,0.196,0.214,1.033,1.101,1.365,1.397,1.401,1.344
15:59:10,37.0,0.038,1.344,1.282,1.333,1.401,1.372,1.469,1.461,1.496,1.502,1.511,1.502,0.038,1.489,1.360,1.348,1.437,1.470,1.522,1.518,1.560,1.525,1.571,1.499,0.037,1.357,1.296,1.361,1.521,1.405,1.552,1.537,1.574,1.577,1.576,1.481,0.038,1.370,1.325,1.363,1.493,1.534,1.548,1.544,1.501,1.584,1.580,1.483,0.038,1.401,1.178,1.267,1.416,1.435,1.540,1.536,1.564,1.571,1.565,1.472,0.039,1.421,0.816,0.882,1.300,1.307,1.476,1.485,1.562,1.551,1.542,1.448,0.038,1.389,0.283,0.266,0.835,0.746,1.397,1.386,1.516,1.496,1.473,1.422,0.038,1.394,0.100,0.122,0.202,0.222,1.061,1.125,1.366,1.401,1.403,1.352
16:09:10,37.1,0.038,1.345,1.282,1.336,1.404,1.378,1.473,1.465,1.501,1.507,1.516,1.507,0.038,1.493,1.363,1.350,1.441,1.478,1.525,1.515,1.557,1.529,1.570,1.504,0.037,1.357,1.296,1.364,1.525,1.410,1.549,1.534,1.571,1.576,1.573,1.487,0.038,1.372,1.330,1.366,1.499,1.540,1.550,1.540,1.512,1.579,1.577,1.488,0.038,1.403,1.205,1.293,1.423,1.435,1.537,1.533,1.560,1.567,1.564,1.477,0.039,1.423,0.853,0.918,1.319,1.326,1.481,1.492,1.559,1.552,1.550,1.451,0.038,1.391,0.295,0.277,0.869,0.780,1.399,1.389,1.522,1.500,1.478,1.425,0.038,1.395,0.102,0.125,0.208,0.230,1.086,1.148,1.369,1.405,1.406,1.368
16:19:10,37.0,0.038,1.346,1.281,1.338,1.407,1.386,1.475,1.469,1.504,1.510,1.521,1.512,0.038,1.498,1.367,1.353,1.446,1.484,1.528,1.513,1.554,1.534,1.568,1.509,0.037,1.357,1.300,1.368,1.530,1.415,1.549,1.533,1.572,1.573,1.570,1.492,0.038,1.373,1.336,1.369,1.504,1.544,1.549,1.538,1.525,1.576,1.573,1.494,0.038,1.405,1.232,1.317,1.428,1.442,1.534,1.529,1.557,1.562,1.562,1.482,0.039,1.428,0.888,0.952,1.334,1.333,1.487,1.495,1.555,1.550,1.554,1.456,0.038,1.393,0.308,0.290,0.902,0.815,1.403,1.390,1.533,1.506,1.483,1.428,0.038,1.397,0.101,0.128,0.216,0.237,1.110,1.169,1.372,1.406,1.409,1.376
16:29:10,37.0,0.038,1.348,1.280,1.343,1.409,1.399,1.474,1.470,1.504,1.511,1.525,1.515,0.038,1.503,1.370,1.355,1.450,1.489,1.528,1.512,1.554,1.538,1.564,1.513,0.037,1.358,1.301,1.372,1.534,1.421,1.547,1.531,1.571,1.569,1.567,1.496,0.038,1.374,1.340,1.374,1.509,1.547,1.546,1.536,1.545,1.573,1.570,1.500,0.038,1.408,1.255,1.339,1.432,1.447,1.531,1.526,1.556,1.558,1.558,1.487,0.039,1.437,0.922,0.986,1.340,1.339,1.493,1.498,1.550,1.545,1.555,1.461,0.038,1.396,0.321,0.301,0.934,0.850,1.405,1.392,1.540,1.514,1.488,1.431,0.038,1.400,0.102,0.128,0.223,0.245,1.133,1.186,1.374,1.409,1.411,1.374
16:39:10,37.0,0.037,1.349,1.280,1.349,1.414,1.419,1.471,1.468,1.502,1.508,1.529,1.517,0.038,1.509,1.373,1.358,1.454,1.494,1.526,1.510,1.553,1.540,1.561,1.516,0.037,1.358,1.303,1.377,1.535,1.427,1.544,1.528,1.569,1.566,1.565,1.501,0.038,1.377,1.344,1.377,1.513,1.550,1.542,1.534,1.555,1.573,1.568,1.504,0.038,1.412,1.276,1.358,1.437,1.449,1.527,1.523,1.556,1.557,1.554,1.494,0.039,1.446,0.953,1.020,1.347,1.345,1.495,1.500,1.546,1.541,1.552,1.466,0.038,1.398,0.336,0.315,0.966,0.882,1.406,1.394,1.538,1.522,1.495,1.435,0.038,1.404,0.103,0.134,0.231,0.253,1.153,1.203,1.377,1.412,1.415,1.375
16:49:10,37.1,0.038,1.349,1.279,1.358,1.417,1.427,1.468,1.466,1.498,1.504,1.532,1.516,0.038,1.516,1.381,1.362,1.459,1.500,1.523,1.509,1.551,1.542,1.559,1.517,0.037,1.359,1.301,1.382,1.535,1.437,1.541,1.526,1.567,1.564,1.564,1.504,0.038,1.379,1.346,1.382,1.517,1.551,1.539,1.531,1.559,1.573,1.567,1.508,0.038,1.417,1.293,1.359,1.442,1.457,1.524,1.520,1.555,1.558,1.553,1.502,0.039,1.455,0.986,1.058,1.351,1.359,1.499,1.503,1.546,1.537,1.549,1.472,0.038,1.402,0.351,0.329,0.995,0.915,1.408,1.396,1.533,1.522,1.505,1.440,0.038,1.416,0.106,0.136,0.239,0.263,1.172,1.218,1.381,1.414,1.419,1.381
16:59:10,37.0,0.037,1.351,1.279,1.368,1.421,1.431,1.464,1.462,1.494,1.500,1.533,1.513,0.038,1.524,1.395,1.365,1.464,1.505,1.521,1.506,1.548,1.543,1.558,1.515,0.037,1.360,1.300,1.387,1.533,1.446,1.537,1.522,1.563,1.564,1.563,1.505,0.038,1.383,1.349,1.391,1.520,1.548,1.536,1.528,1.567,1.571,1.565,1.510,0.038,1.426,1.308,1.371,1.446,1.460,1.523,1.518,1.552,1.556,1.551,1.505,0.039,1.465,1.019,1.086,1.367,1.368,1.500,1.501,1.546,1.537,1.545,1.481,0.038,1.407,0.368,0.343,1.025,0.946,1.411,1.399,1.528,1.519,1.507,1.444,0.038,1.424,0.107,0.141,0.248,0.272,1.189,1.231,1.384,1.419,1.423,1.381
17:09:10,37.0,0.037,1.354,1.280,1.387,1.425,1.435,1.462,1.459,1.493,1.499,1.531,1.510,0.038,1.529,1.409,1.370,1.467,1.510,1.518,1.503,1.546,1.541,1.556,1.512,0.037,1.361,1.300,1.397,1.530,1.456,1.534,1.519,1.561,1.563,1.560,1.503,0.038,1.385,1.353,1.401,1.522,1.546,1.535,1.524,1.569,1.568,1.563,1.508,0.038,1.435,1.321,1.379,1.452,1.462,1.522,1.517,1.549,1.553,1.549,1.505,0.039,1.476,1.051,1.118,1.375,1.375,1.498,1.498,1.544,1.536,1.542,1.484,0.038,1.414,0.385,0.359,1.054,0.977,1.413,1.402,1.524,1.514,1.506,1.449,0.038,1.427,0.108,0.144,0.257,0.282,1.203,1.238,1.388,1.421,1.428,1.385
17:19:10,37.0,0.038,1.357,1.279,1.398,1.429,1.440,1.460,1.457,1.491,1.497,1.528,1.507,0.038,1.534,1.417,1.375,1.471,1.514,1.517,1.500,1.543,1.539,1.554,1.508,0.037,1.362,1.299,1.406,1.527,1.466,1.531,1.516,1.558,1.561,1.558,1.499,0.038,1.389,1.356,1.410,1.524,1.543,1.533,1.521,1.567,1.565,1.560,1.505,0.038,1.444,1.319,1.385,1.456,1.466,1.522,1.517,1.546,1.551,1.546,1.502,0.039,1.493,1.083,1.150,1.382,1.379,1.496,1.496,1.541,1.534,1.540,1.485,0.038,1.423,0.403,0.375,1.089,1.007,1.416,1.405,1.524,1.509,1.503,1.460,0.038,1.429,0.109,0.145,0.266,0.293,1.218,1.238,1.391,1.425,1.440,1.387
17:29:10,37.0,0.037,1.362,1.280,1.401,1.433,1.446,1.458,1.455,1.488,1.494,1.525,1.506,0.038,1.534,1.422,1.382,1.475,1.518,1.516,1.498,1.540,1.536,1.552,1.506,0.037,1.363,1.299,1.420,1.525,1.476,1.528,1.513,1.555,1.559,1.555,1.496,0.038,1.395,1.360,1.422,1.523,1.540,1.533,1.518,1.564,1.562,1.557,1.500,0.038,1.454,1.324,1.391,1.461,1.469,1.520,1.516,1.543,1.547,1.543,1.498,0.039,1.506,1.114,1.180,1.385,1.383,1.493,1.493,1.538,1.532,1.538,1.482,0.038,1.432,0.421,0.392,1.113,1.036,1.423,1.408,1.523,1.507,1.498,1.467,0.038,1.432,0.110,0.148,0.274,0.303,1.229,1.243,1.396,1.430,1.447,1.390
17:39:10,37.1,0.038,1.368,1.279,1.405,1.437,1.451,1.455,1.453,1.485,1.491,1.522,1.504,0.038,1.531,1.425,1.391,1.478,1.521,1.515,1.494,1.537,1.534,1.549,1.504,0.037,1.364,1.299,1.442,1.525,1.489,1.524,1.510,1.552,1.556,1.552,1.494,0.038,1.403,1.362,1.440,1.520,1.538,1.531,1.516,1.560,1.559,1.554,1.499,0.038,1.463,1.328,1.393,1.464,1.470,1.518,1.514,1.540,1.544,1.540,1.496,0.039,1.511,1.144,1.210,1.387,1.386,1.490,1.490,1.535,1.529,1.536,1.478,0.038,1.441,0.441,0.410,1.137,1.065,1.425,1.414,1.521,1.507,1.495,1.465,0.038,1.435,0.112,0.149,0.284,0.315,1.232,1.246,1.406,1.438,1.444,1.396
17:49:10,37.1,0.038,1.375,1.280,1.410,1.441,1.455,1.453,1.450,1.482,1.488,1.520,1.501,0.038,1.527,1.430,1.400,1.480,1.523,1.512,1.492,1.534,1.532,1.546,1.502,0.037,1.366,1.298,1.447,1.525,1.509,1.522,1.507,1.549,1.553,1.549,1.491,0.038,1.411,1.367,1.461,1.519,1.538,1.529,1.512,1.556,1.555,1.551,1.496,0.038,1.472,1.335,1.397,1.467,1.475,1.515,1.511,1.536,1.541,1.538,1.493,0.039,1.519,1.173,1.236,1.391,1.388,1.488,1.488,1.532,1.526,1.533,1.476,0.038,1.450,0.461,0.428,1.159,1.093,1.429,1.415,1.518,1.505,1.493,1.460,0.038,1.437,0.114,0.151,0.295,0.328,1.234,1.249,1.407,1.449,1.440,1.412
17:59:10,37.0,0.038,1.385,1.280,1.415,1.444,1.460,1.450,1.448,1.479,1.485,1.518,1.498,0.038,1.524,1.435,1.410,1.482,1.525,1.509,1.489,1.531,1.530,1.543,1.499,0.037,1.369,1.299,1.453,1.523,1.527,1.518,1.504,1.546,1.550,1.546,1.489,0.038,1.420,1.373,1.462,1.517,1.538,1.526,1.510,1.553,1.552,1.548,1.493,0.038,1.482,1.338,1.399,1.469,1.474,1.512,1.508,1.533,1.538,1.534,1.491,0.039,1.536,1.200,1.259,1.393,1.391,1.487,1.488,1.528,1.523,1.530,1.474,0.038,1.460,0.483,0.448,1.180,1.116,1.431,1.417,1.515,1.503,1.490,1.459,0.038,1.440,0.115,0.154,0.306,0.339,1.238,1.251,1.403,1.447,1.438,1.417
18:09:10,37.1,0.038,1.393,1.281,1.420,1.446,1.462,1.447,1.445,1.476,1.483,1.516,1.495,0.038,1.524,1.440,1.418,1.484,1.526,1.506,1.486,1.528,1.529,1.541,1.496,0.037,1.371,1.299,1.459,1.520,1.532,1.515,1.501,1.543,1.547,1.544,1.486,0.038,1.428,1.382,1.474,1.514,1.537,1.524,1.507,1.549,1.550,1.545,1.490,0.038,1.491,1.344,1.401,1.471,1.474,1.509,1.505,1.530,1.535,1.531,1.488,0.039,1.540,1.222,1.285,1.397,1.395,1.486,1.487,1.526,1.520,1.526,1.471,0.038,1.476,0.505,0.468,1.198,1.137,1.432,1.417,1.512,1.500,1.488,1.457,0.038,1.443,0.117,0.155,0.317,0.350,1.241,1.253,1.400,1.442,1.436,1.416
18:19:10,37.0,0.037,1.401,1.281,1.425,1.446,1.461,1.445,1.442,1.473,1.480,1.513,1.493,0.038,1.524,1.444,1.428,1.484,1.525,1.503,1.484,1.526,1.528,1.538,1.494,0.037,1.376,1.299,1.467,1.517,1.539,1.512,1.498,1.540,1.544,1.541,1.483,0.038,1.437,1.391,1.480,1.513,1.535,1.521,1.504,1.545,1.546,1.543,1.488,0.038,1.504,1.346,1.405,1.472,1.479,1.506,1.502,1.527,1.532,1.528,1.485,0.039,1.539,1.242,1.303,1.401,1.400,1.486,1.485,1.522,1.517,1.523,1.468,0.038,1.489,0.528,0.489,1.200,1.160,1.433,1.418,1.509,1.497,1.485,1.453,0.038,1.446,0.119,0.156,0.329,0.364,1.245,1.254,1.399,1.442,1.433,1.414
18:29:10,37.1,0.038,1.413,1.282,1.429,1.445,1.458,1.442,1.440,1.470,1.477,1.510,1.490,0.038,1.523,1.448,1.442,1.485,1.522,1.500,1.481,1.523,1.526,1.535,1.491,0.037,1.381,1.301,1.472,1.514,1.545,1.509,1.495,1.537,1.541,1.538,1.480,0.038,1.446,1.405,1.484,1.513,1.532,1.519,1.502,1.541,1.543,1.540,1.484,0.038,1.524,1.350,1.407,1.474,1.476,1.503,1.500,1.524,1.528,1.525,1.483,0.039,1.536,1.260,1.316,1.406,1.405,1.484,1.483,1.519,1.514,1.520,1.465,0.038,1.496,0.551,0.511,1.204,1.182,1.433,1.418,1.505,1.494,1.482,1.450,0.038,1.450,0.121,0.158,0.340,0.377,1.248,1.256,1.397,1.441,1.429,1.411
18:39:10,37.0,0.037,1.430,1.283,1.430,1.442,1.454,1.440,1.437,1.468,1.474,1.508,1.488,0.038,1.521,1.452,1.463,1.485,1.519,1.498,1.479,1.520,1.524,1.533,1.488,0.037,1.389,1.302,1.476,1.511,1.547,1.506,1.493,1.535,1.539,1.535,1.478,0.038,1.455,1.427,1.489,1.513,1.528,1.516,1.499,1.537,1.540,1.537,1.482,0.038,1.532,1.355,1.411,1.476,1.478,1.500,1.497,1.522,1.525,1.522,1.479,0.039,1.534,1.278,1.335,1.409,1.407,1.482,1.481,1.516,1.511,1.517,1.462,0.038,1.514,0.577,0.533,1.223,1.204,1.435,1.419,1.502,1.491,1.479,1.447,0.038,1.454,0.123,0.161,0.353,0.391,1.250,1.256,1.395,1.438,1.426,1.408
18:49:10,37.0,0.037,1.438,1.283,1.427,1.438,1.453,1.438,1.435,1.465,1.471,1.505,1.485,0.038,1.518,1.455,1.468,1.482,1.517,1.495,1.476,1.517,1.522,1.530,1.485,0.037,1.397,1.303,1.478,1.508,1.546,1.503,1.490,1.532,1.536,1.533,1.475,0.038,1.464,1.432,1.493,1.511,1.525,1.513,1.496,1.534,1.538,1.534,1.479,0.038,1.538,1.365,1.414,1.478,1.480,1.498,1.494,1.519,1.523,1.519,1.476,0.039,1.536,1.296,1.345,1.412,1.409,1.480,1.478,1.513,1.508,1.514,1.459,0.038,1.518,0.602,0.557,1.245,1.223,1.435,1.420,1.499,1.488,1.476,1.444,0.038,1.460,0.124,0.163,0.366,0.406,1.252,1.259,1.392,1.436,1.422,1.404
18:59:10,37.1,0.037,1.442,1.284,1.424,1.437,1.452,1.435,1.433,1.462,1.468,1.502,1.482,0.038,1.515,1.457,1.474,1.479,1.515,1.492,1.473,1.514,1.519,1.528,1.483,0.037,1.405,1.304,1.480,1.504,1.542,1.501,1.488,1.529,1.534,1.530,1.472,0.038,1.475,1.436,1.494,1.509,1.522,1.511,1.493,1.531,1.534,1.531,1.476,0.038,1.545,1.380,1.417,1.482,1.483,1.495,1.492,1.516,1.520,1.516,1.473,0.039,1.536,1.308,1.351,1.415,1.412,1.477,1.476,1.510,1.505,1.511,1.456,0.038,1.516,0.629,0.584,1.257,1.242,1.435,1.422,1.495,1.485,1.473,1.440,0.038,1.470,0.127,0.166,0.379,0.421,1.253,1.260,1.390,1.432,1.418,1.400
19:09:10,37.0,0.037,1.447,1.285,1.422,1.435,1.450,1.433,1.430,1.459,1.466,1.499,1.480,0.038,1.513,1.460,1.480,1.477,1.516,1.490,1.471,1.512,1.517,1.525,1.480,0.037,1.413,1.306,1.483,1.502,1.543,1.498,1.485,1.526,1.531,1.528,1.469,0.038,1.492,1.443,1.494,1.507,1.518,1.508,1.491,1.527,1.532,1.529,1.473,0.038,1.545,1.403,1.419,1.480,1.480,1.492,1.489,1.513,1.517,1.513,1.470,0.039,1.534,1.322,1.352,1.416,1.414,1.475,1.473,1.508,1.503,1.508,1.453,0.038,1.513,0.655,0.607,1.267,1.260,1.438,1.425,1.492,1.482,1.470,1.437,0.038,1.477,0.128,0.167,0.394,0.438,1.254,1.262,1.387,1.429,1.415,1.397
19:19:10,37.0,0.038,1.453,1.286,1.423,1.434,1.448,1.431,1.428,1.457,1.463,1.497,1.478,0.038,1.510,1.461,1.485,1.476,1.515,1.487,1.469,1.510,1.515,1.522,1.478,0.037,1.420,1.308,1.484,1.498,1.542,1.495,1.483,1.524,1.529,1.525,1.467,0.038,1.500,1.450,1.492,1.504,1.516,1.506,1.488,1.525,1.529,1.526,1.471,0.038,1.545,1.407,1.420,1.476,1.478,1.490,1.486,1.510,1.514,1.511,1.467,0.039,1.532,1.326,1.353,1.418,1.415,1.472,1.470,1.505,1.500,1.505,1.450,0.038,1.516,0.682,0.634,1.272,1.270,1.441,1.423,1.490,1.479,1.467,1.434,0.038,1.476,0.130,0.169,0.409,0.454,1.255,1.264,1.385,1.427,1.412,1.393
19:29:10,37.0,0.038,1.456,1.288,1.421,1.431,1.445,1.429,1.425,1.454,1.460,1.494,1.476,0.038,1.507,1.462,1.489,1.477,1.512,1.485,1.466,1.507,1.512,1.520,1.476,0.037,1.427,1.310,1.485,1.496,1.539,1.493,1.480,1.522,1.526,1.522,1.464,0.038,1.505,1.455,1.488,1.501,1.513,1.503,1.486,1.522,1.526,1.523,1.468,0.038,1.543,1.407,1.423,1.473,1.476,1.487,1.484,1.507,1.511,1.508,1.464,0.039,1.530,1.328,1.354,1.420,1.416,1.469,1.468,1.502,1.497,1.502,1.447,0.038,1.516,0.712,0.661,1.286,1.281,1.439,1.419,1.487,1.476,1.465,1.431,0.038,1.473,0.132,0.171,0.423,0.470,1.258,1.265,1.383,1.423,1.409,1.389
19:39:10,37.1,0.038,1.454,1.291,1.419,1.428,1.442,1.427,1.423,1.452,1.458,1.492,1.473,0.038,1.504,1.463,1.491,1.475,1.509,1.482,1.464,1.504,1.510,1.518,1.473,0.037,1.434,1.313,1.486,1.492,1.536,1.490,1.478,1.519,1.524,1.520,1.461,0.038,1.516,1.459,1.487,1.498,1.510,1.500,1.484,1.519,1.524,1.521,1.465,0.038,1.540,1.417,1.424,1.471,1.475,1.484,1.482,1.505,1.509,1.505,1.462,0.039,1.527,1.329,1.357,1.421,1.417,1.467,1.465,1.499,1.494,1.499,1.444,0.038,1.514,0.740,0.689,1.287,1.285,1.435,1.416,1.484,1.474,1.462,1.428,0.038,1.471,0.135,0.172,0.440,0.487,1.259,1.267,1.380,1.420,1.405,1.386
19:49:10,37.0,0.037,1.455,1.295,1.416,1.426,1.439,1.424,1.421,1.449,1.455,1.489,1.470,0.038,1.502,1.460,1.490,1.474,1.507,1.480,1.462,1.501,1.508,1.515,1.470,0.037,1.442,1.317,1.484,1.489,1.531,1.488,1.475,1.517,1.521,1.517,1.458,0.038,1.519,1.461,1.487,1.495,1.506,1.498,1.481,1.516,1.521,1.518,1.462,0.038,1.537,1.421,1.425,1.469,1.475,1.482,1.479,1.502,1.506,1.503,1.459,0.039,1.524,1.330,1.360,1.422,1.418,1.464,1.463,1.497,1.491,1.497,1.441,0.038,1.511,0.770,0.716,1.288,1.287,1.432,1.413,1.481,1.470,1.459,1.425,0.038,1.470,0.138,0.174,0.456,0.505,1.260,1.268,1.377,1.418,1.402,1.383
19:59:10,37.0,0.037,1.455,1.300,1.413,1.423,1.436,1.422,1.419,1.446,1.452,1.486,1.468,0.038,1.499,1.457,1.486,1.471,1.503,1.477,1.460,1.500,1.505,1.513,1.468,0.037,1.450,1.322,1.480,1.486,1.526,1.485,1.473,1.514,1.518,1.515,1.456,0.038,1.519,1.464,1.487,1.493,1.504,1.496,1.478,1.514,1.518,1.515,1.459,0.038,1.534,1.427,1.425,1.471,1.478,1.479,1.477,1.500,1.503,1.500,1.456,0.039,1.522,1.334,1.361,1.424,1.420,1.462,1.460,1.494,1.489,1.493,1.438,0.038,1.509,0.799,0.745,1.290,1.288,1.429,1.413,1.478,1.468,1.456,1.421,0.038,1.468,0.140,0.176,0.472,0.524,1.262,1.270,1.375,1.415,1.399,1.379
20:09:10,37.1,0.038,1.454,1.304,1.411,1.421,1.434,1.420,1.417,1.444,1.451,1.484,1.466,0.038,1.497,1.454,1.487,1.469,1.500,1.475,1.457,1.497,1.503,1.511,1.466,0.037,1.461,1.327,1.478,1.484,1.522,1.483,1.471,1.512,1.516,1.513,1.454,0.038,1.518,1.466,1.484,1.490,1.501,1.493,1.476,1.511,1.516,1.513,1.456,0.038,1.530,1.431,1.426,1.470,1.477,1.477,1.474,1.497,1.501,1.498,1.453,0.039,1.519,1.337,1.363,1.425,1.421,1.459,1.458,1.492,1.486,1.491,1.436,0.038,1.506,0.830,0.775,1.293,1.288,1.428,1.413,1.475,1.465,1.454,1.418,0.038,1.466,0.145,0.177,0.489,0.548,1.264,1.273,1.373,1.412,1.396,1.376
20:19:10,37.0,0.037,1.451,1.309,1.408,1.419,1.431,1.418,1.415,1.442,1.448,1.482,1.464,0.038,1.494,1.454,1.486,1.466,1.497,1.473,1.455,1.495,1.501,1.508,1.463,0.037,1.470,1.335,1.480,1.481,1.518,1.480,1.468,1.510,1.514,1.510,1.451,0.038,1.516,1.468,1.482,1.487,1.498,1.491,1.474,1.509,1.513,1.511,1.454,0.038,1.528,1.433,1.426,1.470,1.476,1.475,1.471,1.495,1.498,1.495,1.451,0.039,1.516,1.338,1.365,1.426,1.421,1.457,1.456,1.489,1.484,1.488,1.433,0.038,1.503,0.858,0.804,1.297,1.288,1.428,1.413,1.472,1.463,1.451,1.416,0.038,1.464,0.145,0.179,0.508,0.562,1.266,1.275,1.370,1.409,1.393,1.373
20:29:10,37.0,0.038,1.449,1.313,1.406,1.416,1.428,1.416,1.413,1.440,1.446,1.479,1.461,0.038,1.491,1.455,1.483,1.463,1.494,1.470,1.453,1.493,1.499,1.506,1.461,0.037,1.477,1.342,1.480,1.478,1.513,1.478,1.466,1.507,1.512,1.508,1.449,0.038,1.513,1.470,1.478,1.484,1.495,1.489,1.472,1.507,1.511,1.509,1.451,0.038,1.524,1.435,1.427,1.469,1.475,1.472,1.469,1.493,1.496,1.493,1.448,0.039,1.513,1.340,1.366,1.427,1.422,1.454,1.453,1.487,1.481,1.486,1.431,0.038,1.500,0.885,0.833,1.299,1.290,1.427,1.411,1.470,1.460,1.447,1.412,0.038,1.462,0.143,0.180,0.527,0.583,1.268,1.278,1.368,1.406,1.390,1.369
20:39:10,37.1,0.038,1.447,1.317,1.404,1.413,1.426,1.414,1.411,1.438,1.444,1.477,1.459,0.038,1.488,1.454,1.480,1.460,1.491,1.468,1.451,1.490,1.496,1.504,1.458,0.037,1.483,1.349,1.479,1.475,1.509,1.476,1.464,1.506,1.509,1.506,1.446,0.038,1.510,1.471,1.475,1.481,1.492,1.486,1.469,1.505,1.509,1.506,1.448,0.038,1.521,1.436,1.428,1.467,1.473,1.470,1.467,1.491,1.494,1.490,1.445,0.039,1.511,1.341,1.367,1.428,1.423,1.452,1.451,1.484,1.479,1.484,1.428,0.038,1.497,0.911,0.861,1.301,1.293,1.426,1.409,1.467,1.457,1.445,1.409,0.038,1.459,0.145,0.184,0.545,0.601,1.271,1.280,1.365,1.405,1.387,1.366
20:49:10,37.0,0.038,1.444,1.322,1.401,1.411,1.423,1.413,1.409,1.435,1.442,1.474,1.457,0.038,1.486,1.452,1.477,1.458,1.489,1.466,1.449,1.489,1.494,1.502,1.457,0.037,1.493,1.358,1.476,1.473,1.506,1.474,1.462,1.503,1.507,1.504,1.444,0.038,1.507,1.470,1.471,1.478,1.490,1.484,1.467,1.502,1.507,1.504,1.446,0.038,1.518,1.437,1.429,1.466,1.471,1.467,1.465,1.488,1.491,1.488,1.442,0.039,1.508,1.343,1.371,1.431,1.426,1.450,1.449,1.482,1.477,1.481,1.425,0.038,1.494,0.937,0.888,1.302,1.295,1.425,1.408,1.464,1.455,1.442,1.407,0.038,1.456,0.147,0.186,0.566,0.622,1.274,1.282,1.363,1.402,1.385,1.363
20:59:10,37.0,0.038,1.442,1.326,1.399,1.409,1.421,1.411,1.407,1.433,1.440,1.472,1.455,0.038,1.484,1.449,1.473,1.456,1.486,1.463,1.447,1.487,1.492,1.500,1.454,0.037,1.496,1.365,1.474,1.471,1.502,1.472,1.460,1.502,1.505,1.502,1.441,0.038,1.504,1.468,1.467,1.476,1.487,1.482,1.465,1.501,1.505,1.502,1.443,0.038,1.516,1.438,1.431,1.462,1.469,1.465,1.462,1.486,1.489,1.486,1.440,0.039,1.505,1.343,1.375,1.435,1.429,1.447,1.446,1.480,1.474,1.479,1.422,0.038,1.491,0.961,0.914,1.305,1.296,1.423,1.405,1.462,1.452,1.440,1.404,0.038,1.454,0.149,0.188,0.581,0.642,1.276,1.284,1.361,1.399,1.382,1.360
21:09:10,37.0,0.037,1.440,1.331,1.397,1.406,1.419,1.409,1.405,1.431,1.438,1.470,1.453,0.038,1.481,1.446,1.469,1.453,1.483,1.460,1.445,1.485,1.490,1.498,1.452,0.037,1.496,1.373,1.470,1.468,1.498,1.469,1.457,1.500,1.502,1.500,1.439,0.038,1.501,1.464,1.464,1.473,1.485,1.479,1.463,1.498,1.502,1.500,1.441,0.038,1.513,1.440,1.432,1.460,1.466,1.462,1.460,1.484,1.487,1.484,1.438,0.039,1.502,1.346,1.376,1.434,1.428,1.445,1.444,1.478,1.472,1.476,1.419,0.038,1.488,0.985,0.939,1.306,1.298,1.421,1.403,1.460,1.450,1.438,1.401,0.038,1.451,0.152,0.189,0.601,0.664,1.278,1.286,1.358,1.397,1.379,1.357
21:19:10,37.1,0.038,1.437,1.335,1.395,1.405,1.416,1.407,1.403,1.429,1.435,1.467,1.450,0.038,1.479,1.444,1.465,1.450,1.480,1.459,1.442,1.483,1.487,1.496,1.450,0.037,1.494,1.381,1.467,1.466,1.494,1.468,1.456,1.497,1.501,1.498,1.437,0.038,1.499,1.461,1.460,1.470,1.483,1.477,1.461,1.497,1.500,1.498,1.439,0.038,1.510,1.443,1.435,1.458,1.463,1.460,1.458,1.482,1.486,1.482,1.435,0.039,1.499,1.350,1.377,1.431,1.425,1.443,1.442,1.476,1.470,1.475,1.417,0.038,1.485,1.008,0.963,1.306,1.299,1.419,1.401,1.457,1.447,1.435,1.399,0.038,1.448,0.154,0.194,0.622,0.683,1.280,1.287,1.356,1.394,1.376,1.354
21:29:10,37.0,0.038,1.434,1.340,1.393,1.403,1.414,1.405,1.402,1.428,1.434,1.465,1.449,0.038,1.476,1.441,1.462,1.448,1.477,1.456,1.440,1.481,1.485,1.494,1.448,0.037,1.492,1.390,1.464,1.463,1.491,1.465,1.453,1.496,1.499,1.496,1.435,0.038,1.496,1.464,1.457,1.467,1.481,1.475,1.459,1.495,1.499,1.496,1.437,0.038,1.508,1.445,1.439,1.455,1.461,1.458,1.456,1.480,1.483,1.480,1.433,0.039,1.496,1.352,1.379,1.427,1.422,1.441,1.440,1.474,1.468,1.472,1.415,0.038,1.482,1.031,0.986,1.310,1.300,1.417,1.400,1.456,1.445,1.433,1.396,0.038,1.446,0.157,0.199,0.641,0.705,1.282,1.287,1.354,1.393,1.373,1.351
21:39:10,37.0,0.038,1.432,1.345,1.391,1.400,1.412,1.404,1.401,1.426,1.432,1.463,1.447,0.038,1.474,1.439,1.459,1.446,1.474,1.455,1.439,1.479,1.483,1.492,1.445,0.037,1.490,1.398,1.461,1.461,1.488,1.463,1.451,1.494,1.497,1.494,1.433,0.038,1.494,1.465,1.454,1.466,1.478,1.472,1.457,1.493,1.496,1.494,1.434,0.038,1.506,1.442,1.440,1.453,1.458,1.456,1.453,1.478,1.481,1.478,1.431,0.039,1.494,1.353,1.379,1.424,1.419,1.438,1.437,1.472,1.466,1.470,1.412,0.038,1.480,1.053,1.009,1.313,1.302,1.415,1.397,1.453,1.443,1.431,1.393,0.038,1.443,0.160,0.202,0.662,0.726,1.283,1.288,1.351,1.389,1.371,1.348
21:49:10,37.0,0.037,1.429,1.350,1.388,1.398,1.409,1.402,1.398,1.424,1.430,1.461,1.445,0.038,1.472,1.436,1.455,1.444,1.472,1.452,1.437,1.477,1.481,1.490,1.444,0.037,1.488,1.406,1.458,1.459,1.485,1.461,1.449,1.492,1.495,1.492,1.431,0.038,1.491,1.464,1.450,1.463,1.476,1.470,1.454,1.491,1.495,1.492,1.432,0.038,1.504,1.438,1.437,1.450,1.456,1.453,1.451,1.476,1.479,1.476,1.429,0.039,1.492,1.354,1.380,1.422,1.417,1.436,1.435,1.470,1.465,1.469,1.410,0.038,1.477,1.074,1.032,1.315,1.302,1.413,1.395,1.451,1.441,1.428,1.391,0.038,1.441,0.163,0.206,0.682,0.748,1.283,1.288,1.349,1.388,1.368,1.345
21:59:10,37.0,0.037,1.427,1.354,1.386,1.396,1.407,1.401,1.397,1.422,1.428,1.459,1.443,0.038,1.470,1.433,1.452,1.442,1.469,1.450,1.435,1.475,1.479,1.488,1.442,0.037,1.485,1.415,1.455,1.457,1.482,1.460,1.447,1.490,1.493,1.491,1.429,0.038,1.489,1.462,1.448,1.461,1.474,1.468,1.452,1.489,1.493,1.490,1.430,0.038,1.501,1.436,1.433,1.448,1.453,1.452,1.449,1.475,1.477,1.474,1.427,0.039,1.490,1.355,1.380,1.425,1.420,1.434,1.433,1.468,1.462,1.466,1.408,0.038,1.474,1.093,1.054,1.317,1.303,1.411,1.393,1.449,1.438,1.426,1.389,0.038,1.438,0.166,0.209,0.704,0.768,1.284,1.289,1.347,1.385,1.365,1.342
22:09:10,37.1,0.037,1.424,1.359,1.384,1.394,1.405,1.399,1.395,1.421,1.426,1.457,1.442,0.038,1.468,1.431,1.448,1.439,1.467,1.448,1.433,1.474,1.477,1.487,1.440,0.037,1.483,1.423,1.452,1.454,1.479,1.458,1.445,1.488,1.491,1.489,1.427,0.038,1.486,1.459,1.445,1.458,1.471,1.466,1.451,1.487,1.491,1.488,1.428,0.038,1.499,1.432,1.431,1.445,1.451,1.449,1.447,1.472,1.475,1.472,1.425,0.039,1.487,1.355,1.381,1.424,1.419,1.431,1.431,1.466,1.460,1.464,1.406,0.038,1.472,1.113,1.075,1.319,1.306,1.409,1.392,1.447,1.437,1.425,1.386,0.038,1.435,0.166,0.214,0.724,0.789,1.285,1.289,1.345,1.383,1.363,1.339
22:19:10,37.0,0.037,1.422,1.364,1.382,1.393,1.403,1.398,1.394,1.419,1.425,1.455,1.439,0.038,1.466,1.429,1.445,1.437,1.465,1.446,1.432,1.472,1.475,1.485,1.438,0.037,1.481,1.431,1.449,1.453,1.476,1.456,1.444,1.487,1.489,1.487,1.425,0.038,1.484,1.456,1.442,1.456,1.469,1.464,1.450,1.486,1.489,1.486,1.427,0.038,1.497,1.435,1.428,1.443,1.448,1.447,1.445,1.471,1.474,1.470,1.422,0.039,1.485,1.356,1.382,1.423,1.417,1.430,1.429,1.465,1.459,1.462,1.404,0.038,1.470,1.131,1.094,1.319,1.309,1.407,1.390,1.445,1.435,1.422,1.385,0.038,1.433,0.170,0.219,0.745,0.808,1.285,1.290,1.343,1.381,1.361,1.336
22:29:10,37.0,0.038,1.420,1.367,1.380,1.390,1.401,1.396,1.393,1.417,1.423,1.453,1.438,0.038,1.465,1.426,1.442,1.435,1.462,1.445,1.430,1.470,1.473,1.483,1.437,0.037,1.478,1.436,1.446,1.451,1.474,1.454,1.442,1.485,1.488,1.485,1.423,0.038,1.483,1.454,1.439,1.454,1.467,1.462,1.447,1.484,1.488,1.485,1.425,0.038,1.495,1.436,1.427,1.441,1.446,1.445,1.443,1.469,1.472,1.469,1.421,0.039,1.483,1.357,1.382,1.422,1.416,1.428,1.427,1.463,1.457,1.461,1.402,0.038,1.468,1.150,1.113,1.320,1.310,1.405,1.388,1.443,1.433,1.421,1.382,0.038,1.431,0.173,0.220,0.765,0.828,1.286,1.290,1.340,1.379,1.359,1.333
22:39:10,37.1,0.037,1.418,1.373,1.378,1.388,1.399,1.394,1.390,1.416,1.421,1.451,1.436,0.038,1.463,1.423,1.439,1.432,1.459,1.442,1.428,1.469,1.471,1.481,1.435,0.037,1.476,1.441,1.443,1.448,1.471,1.452,1.440,1.483,1.486,1.484,1.422,0.038,1.480,1.450,1.437,1.452,1.465,1.460,1.445,1.483,1.486,1.483,1.423,0.038,1.494,1.436,1.431,1.438,1.444,1.444,1.441,1.467,1.472,1.467,1.419,0.039,1.481,1.357,1.383,1.420,1.414,1.425,1.424,1.461,1.455,1.459,1.400,0.038,1.465,1.168,1.132,1.320,1.310,1.403,1.386,1.442,1.431,1.419,1.380,0.038,1.428,0.176,0.226,0.786,0.847,1.286,1.290,1.338,1.376,1.356,1.329
22:49:10,37.0,0.037,1.416,1.375,1.377,1.386,1.398,1.393,1.389,1.414,1.420,1.450,1.434,0.038,1.461,1.422,1.436,1.430,1.457,1.441,1.426,1.467,1.469,1.480,1.433,0.037,1.473,1.447,1.440,1.446,1.469,1.450,1.438,1.482,1.484,1.482,1.420,0.038,1.479,1.447,1.434,1.450,1.463,1.458,1.444,1.481,1.484,1.482,1.421,0.038,1.492,1.435,1.430,1.435,1.442,1.442,1.439,1.466,1.469,1.465,1.417,0.039,1.479,1.357,1.383,1.418,1.412,1.423,1.423,1.459,1.454,1.457,1.399,0.038,1.464,1.184,1.150,1.321,1.311,1.401,1.384,1.440,1.429,1.417,1.378,0.038,1.425,0.178,0.230,0.805,0.865,1.286,1.290,1.336,1.375,1.354,1.326
22:59:10,37.0,0.037,1.414,1.375,1.375,1.385,1.395,1.392,1.388,1.413,1.418,1.448,1.432,0.038,1.460,1.419,1.433,1.428,1.454,1.439,1.425,1.466,1.467,1.478,1.431,0.037,1.471,1.446,1.437,1.444,1.466,1.449,1.437,1.480,1.482,1.480,1.418,0.038,1.477,1.444,1.431,1.447,1.460,1.456,1.442,1.480,1.482,1.480,1.419,0.038,1.490,1.432,1.428,1.434,1.439,1.440,1.437,1.464,1.466,1.463,1.415,0.039,1.477,1.358,1.384,1.416,1.410,1.421,1.421,1.457,1.451,1.455,1.397,0.038,1.462,1.200,1.168,1.321,1.311,1.399,1.382,1.438,1.427,1.415,1.377,0.038,1.423,0.181,0.237,0.825,0.882,1.287,1.290,1.334,1.373,1.352,1.323
23:09:10,37.0,0.037,1.411,1.374,1.373,1.383,1.394,1.390,1.386,1.411,1.416,1.445,1.431,0.038,1.458,1.417,1.431,1.426,1.452,1.437,1.423,1.464,1.465,1.476,1.430,0.037,1.469,1.443,1.435,1.442,1.464,1.447,1.435,1.479,1.481,1.479,1.417,0.038,1.475,1.442,1.429,1.446,1.459,1.454,1.440,1.478,1.480,1.478,1.418,0.038,1.488,1.431,1.427,1.431,1.437,1.438,1.435,1.462,1.465,1.462,1.413,0.039,1.476,1.358,1.385,1.413,1.407,1.420,1.419,1.456,1.450,1.454,1.395,0.038,1.460,1.216,1.184,1.322,1.311,1.397,1.380,1.437,1.425,1.414,1.375,0.038,1.420,0.183,0.240,0.844,0.900,1.287,1.293,1.332,1.370,1.350,1.320
23:19:10,37.1,0.037,1.409,1.372,1.371,1.380,1.392,1.389,1.384,1.409,1.415,1.444,1.429,0.038,1.456,1.414,1.429,1.423,1.450,1.435,1.421,1.462,1.463,1.474,1.428,0.037,1.467,1.441,1.432,1.440,1.462,1.445,1.433,1.476,1.479,1.477,1.415,0.038,1.473,1.438,1.426,1.444,1.457,1.452,1.438,1.477,1.479,1.477,1.416,0.038,1.486,1.428,1.425,1.429,1.435,1.436,1.433,1.460,1.463,1.460,1.411,0.039,1.474,1.359,1.385,1.411,1.405,1.418,1.417,1.454,1.449,1.452,1.393,0.038,1.458,1.234,1.200,1.322,1.311,1.395,1.379,1.435,1.423,1.412,1.373,0.038,1.418,0.187,0.244,0.862,0.917,1.287,1.297,1.329,1.368,1.348,1.316
23:29:10,37.0,0.038,1.407,1.371,1.369,1.378,1.390,1.387,1.384,1.408,1.414,1.442,1.428,0.038,1.454,1.413,1.427,1.422,1.448,1.433,1.420,1.460,1.462,1.473,1.427,0.037,1.465,1.438,1.429,1.439,1.460,1.444,1.431,1.475,1.477,1.476,1.413,0.038,1.472,1.436,1.424,1.442,1.456,1.450,1.437,1.475,1.477,1.475,1.414,0.038,1.484,1.425,1.424,1.426,1.433,1.434,1.432,1.459,1.462,1.459,1.410,0.039,1.472,1.359,1.386,1.409,1.403,1.415,1.415,1.452,1.447,1.451,1.391,0.038,1.456,1.244,1.218,1.322,1.311,1.393,1.377,1.433,1.422,1.410,1.371,0.038,1.416,0.190,0.247,0.879,0.934,1.287,1.298,1.328,1.366,1.345,1.313
23:39:10,37.0,0.037,1.406,1.370,1.368,1.377,1.389,1.387,1.382,1.407,1.412,1.441,1.426,0.038,1.453,1.410,1.424,1.419,1.446,1.431,1.418,1.459,1.460,1.471,1.425,0.037,1.464,1.434,1.427,1.437,1.458,1.442,1.430,1.474,1.476,1.474,1.411,0.038,1.470,1.433,1.422,1.439,1.453,1.448,1.435,1.474,1.476,1.473,1.413,0.038,1.483,1.422,1.421,1.424,1.430,1.432,1.430,1.457,1.460,1.457,1.408,0.039,1.471,1.360,1.386,1.407,1.401,1.414,1.413,1.451,1.446,1.449,1.390,0.038,1.455,1.250,1.232,1.323,1.311,1.392,1.375,1.431,1.421,1.409,1.369,0.038,1.413,0.193,0.249,0.896,0.950,1.287,1.296,1.325,1.365,1.343,1.309
23:49:10,37.0,0.038,1.404,1.369,1.367,1.376,1.388,1.385,1.381,1.405,1.411,1.439,1.425,0.038,1.451,1.408,1.421,1.418,1.444,1.430,1.417,1.458,1.458,1.470,1.423,0.037,1.462,1.431,1.425,1.435,1.456,1.440,1.428,1.472,1.474,1.473,1.410,0.038,1.469,1.430,1.419,1.438,1.451,1.447,1.433,1.472,1.474,1.472,1.411,0.038,1.482,1.419,1.419,1.422,1.427,1.430,1.428,1.456,1.459,1.456,1.406,0.039,1.469,1.360,1.388,1.404,1.398,1.412,1.412,1.449,1.443,1.447,1.388,0.038,1.453,1.252,1.241,1.323,1.311,1.389,1.373,1.430,1.419,1.407,1.367,0.038,1.411,0.196,0.253,0.913,0.966,1.289,1.295,1.323,1.363,1.341,1.306
23:59:10,37.0,0.037,1.403,1.368,1.365,1.374,1.386,1.384,1.379,1.404,1.409,1.438,1.423,0.038,1.450,1.406,1.419,1.416,1.441,1.428,1.415,1.456,1.457,1.468,1.422,0.037,1.460,1.428,1.423,1.434,1.454,1.438,1.427,1.471,1.473,1.471,1.408,0.038,1.467,1.428,1.417,1.436,1.450,1.445,1.432,1.471,1.472,1.471,1.410,0.038,1.480,1.417,1.418,1.421,1.426,1.429,1.426,1.454,1.457,1.454,1.406,0.039,1.468,1.361,1.388,1.402,1.396,1.410,1.411,1.448,1.443,1.446,1.387,0.038,1.451,1.253,1.250,1.324,1.312,1.387,1.371,1.429,1.417,1.406,1.365,0.038,1.409,0.199,0.256,0.928,0.982,1.294,1.292,1.321,1.361,1.339,1.302
24:09:10,37.1,0.037,1.401,1.367,1.363,1.372,1.384,1.382,1.378,1.402,1.407,1.436,1.422,0.038,1.448,1.404,1.417,1.413,1.440,1.426,1.414,1.455,1.455,1.467,1.421,0.037,1.458,1.425,1.420,1.431,1.452,1.437,1.425,1.470,1.471,1.470,1.407,0.038,1.465,1.425,1.415,1.433,1.448,1.443,1.430,1.470,1.471,1.469,1.408,0.038,1.479,1.415,1.416,1.418,1.424,1.427,1.425,1.453,1.456,1.453,1.403,0.039,1.466,1.362,1.389,1.400,1.394,1.409,1.408,1.446,1.440,1.445,1.385,0.038,1.450,1.254,1.252,1.325,1.312,1.385,1.370,1.427,1.416,1.404,1.363,0.038,1.407,0.203,0.259,0.945,0.996,1.296,1.291,1.319,1.359,1.337,1.298

